 -0.00736620300980269  0.08359326044627764  0.11389223468015883  0.13772687727895880
  0.15805077542140447  0.17603406005356820  0.19145774141951566  0.20572821542745334
  0.21913128550836225  0.23151354677093319  0.24321928063797410  0.25403846665156021
  0.26417148867606932  0.27387922418773147  0.28333700035077958  0.29220121890109590
  0.30016677698256561  0.30788685985836894  0.31540913553252553  0.32275081164974451
  0.32983686773969739  0.33661578859014107  0.34318219030569042  0.34965097459609928
  0.35607978892588077  0.36241965223322370  0.36851842996855150  0.37445648905945916
  0.38024759350464588  0.38588066968602541  0.39135346621573369  0.39677223930265754
  0.40215945484787130  0.40758591682467549  0.41288780874333564  0.41823121069796071
  0.42345832470897565  0.42862671906877309  0.43380698927744749  0.43897763096442682
  0.44408368671788884  0.44910761412993888  0.45407150605871793  0.45899200586076461
  0.46384847277331981  0.46868246098860716  0.47354055107082232  0.47836424421033935
  0.48318193707101265  0.48797342981816316  0.49276852801537629  0.49757540021731250
  0.50232921490152416  0.50720540217208321  0.51116619462334223  0.51514395812036928
  0.51914669500331301  0.52320107945797123  0.52812236912383326  0.53322437547834489
  0.53844477927253664  0.54375539422045105  0.54908027134521442  0.55446860642830409
  0.55987043436016759  0.56516117168792213  0.57044271572140537  0.57570871832247772
  0.58181557710415133  0.58817526793454611  0.59457060536552198  0.60102512272261333
  0.60752457149989869  0.61404739072205750  0.62066699865988573  0.62737357775104130
  0.63421830452355676  0.64116004652323011  0.64817315353918259  0.65514225156426731
  0.66302581962866325  0.67182099146882412  0.68115887572603240  0.69099976325281620
  0.70119499407047647  0.71190751543850095  0.72319173417548666  0.73509659832882401
  0.74757727050918610  0.76064026803111684  0.78096023911926893  0.80297578675485348
  0.82788059791341251  0.85807722379854501  0.90767234055461699  1.00000000000000000
 -0.00202541230650809  0.00945372380811784  0.01910971702498524  0.02970342606878264
  0.04070497466956558  0.05167940827007302  0.06289945848214351  0.07376220536787366
  0.08449897994975063  0.09446517067666223  0.10454132631088971  0.11470565271777032
  0.12517703157031257  0.13583657237673982  0.14646119076146633  0.15694010464757940
  0.16697228229179037  0.17441581006783974  0.18174291817487190  0.18912079136555579
  0.19708484014568231  0.20743024302147359  0.21810098624554719  0.22879848377563211
  0.23966707842807780  0.25045908584649890  0.26088925847255007  0.27131884460229438
  0.28180705879748980  0.29216954088159636  0.30249459420741004  0.31304926740017247
  0.32409326513839903  0.33542976554236326  0.34681347044404287  0.35826814689692099
  0.36971885217825901  0.38118648571256630  0.39266020416735936  0.40379821571056823
  0.41488066728600931  0.42631943260224947  0.43798870827580894  0.44933128999787691
  0.46046500768973969  0.47181015738098098  0.48267233299525825  0.49292721172455711
  0.50346759665652530  0.51432780843410542  0.52500535039995377  0.53535478962632488
  0.54563630874233848  0.55591757002702857  0.56604071198945083  0.57599045005057770
  0.58579921058659590  0.59540655821835997  0.60525285668150830  0.61549370670482040
  0.62585853559790217  0.63629541272871581  0.64698643799119060  0.65772268925042532
  0.66828825141178871  0.67865700313692690  0.68906417761208560  0.69976608877394908
  0.71042423611123762  0.72128492440798386  0.73218026077734777  0.74302039270098141
  0.75398859916710381  0.76492605500869326  0.77584064042315948  0.78675191819482237
  0.79758021320553607  0.80808735759414563  0.81828898675698225  0.82805502100600270
  0.83815358447973398  0.84863607438060151  0.85925744158071282  0.86979957009135034
  0.88031721060691781  0.89096143786910442  0.90165747238654703  0.91249485669228492
  0.92369653697579268  0.93522707836738861  0.94666211668419153  0.95778674080712223
  0.96834183723881906  0.97869796807274934  0.98934547387720029  1.00000000000000000
  0.01622107601459785  0.01842211622132911  0.02062315642806036  0.02282419663479161
  0.02502523684152287  0.02722627704825412  0.02926522114903276  0.03029863465779183
  0.03133204816655090  0.03236546167530997  0.03339887518406904  0.03635208561252636
  0.04087087958469359  0.04695722701242085  0.05348728183685837  0.05994880726387160
  0.06635135372014841  0.07271413404862305  0.07909921461654604  0.08563431656131096
  0.09239084485996188  0.09926951320664687  0.10595864919388508  0.11257977808872296
  0.11932748711913040  0.12622958109793764  0.13315941781504434  0.14003782857301750
  0.14699836927370385  0.15436778250517724  0.16180407805929653  0.16913796069411480
  0.17629138033833747  0.18344336756513113  0.19096173932532925  0.19881827381713346
  0.20670918824961163  0.21453820581293576  0.22248452757286033  0.23043293314290092
  0.23840853261686654  0.24640464225746739  0.25458479233240150  0.26288438886695120
  0.27112885506806633  0.27945630800248344  0.28801822298854007  0.29680311444680629
  0.30573260475021380  0.31461705778519283  0.32356133186712888  0.33243982007296474
  0.34137185072032167  0.35026098557370994  0.35933642006102040  0.36854885850039060
  0.37789881626577937  0.38757185843400960  0.39741146647041836  0.40719236927205038
  0.41676515811411446  0.42614414051413790  0.43565545106893760  0.44540586222229861
  0.45507258540041723  0.46523031869874831  0.47558920377202296  0.48623925102189125
  0.49713838495873663  0.50838559449144227  0.51991293280415585  0.53135670592489559
  0.54276397060145021  0.55439076774649454  0.56639774000920684  0.57866741074458838
  0.59161586275803857  0.60504966327290322  0.61845004327374531  0.63184572022920771
  0.64564970932680998  0.66010708539983753  0.67528883844324372  0.69109585852376709
  0.70750490754583339  0.72405240481067168  0.74075551321930044  0.75789859660610837
  0.77622294899056232  0.79620043161878185  0.81777496377052183  0.84158012581412311
  0.86788435165277966  0.89877463003604929  0.93859874077456562  1.00000000000000000
 -0.01866419955213591  0.12058343911803059  0.16449139490989234  0.19421924898990409
  0.21942567602927912  0.24081914262923168  0.25969910394199069  0.27709699470998589
  0.29325720718773074  0.30831045305409854  0.32214458917310579  0.33488784984855474
  0.34693410392448143  0.35836963124580873  0.36934887605097794  0.38001197224706107
  0.39040597678258682  0.39818414229410798  0.40572807477688300  0.41319049028507787
  0.42069464139144946  0.43044076347585564  0.44007981509796135  0.44958460955567214
  0.45888106105788334  0.46776809193885910  0.47634449234658460  0.48449880913079907
  0.49237641100982876  0.50032477250824425  0.50767532000573690  0.51504376021895037
  0.52229196171702286  0.52967801447879148  0.53697476236871156  0.54418517424724766
  0.55117611508504794  0.55790138321371496  0.56468105029552185  0.57147947018350731
  0.57832472652796407  0.58496690981367705  0.59128326069888115  0.59759320756993106
  0.60385136168578923  0.61011804374536249  0.61637412062528385  0.62261380189847892
  0.62888654751640849  0.63518894804107207  0.64148372057575076  0.64785876587727931
  0.65442255874401722  0.66089239780568099  0.66714966550890742  0.67320781954545894
  0.67924769071549229  0.68533182241889568  0.69115409438816189  0.69685735746822253
  0.70254398094468751  0.70817027147014067  0.71369722092816101  0.71912912289078945
  0.72449461261676462  0.72986626657713993  0.73532534230661872  0.74087593295991816
  0.74646394805486815  0.75201923112475411  0.75757436162482772  0.76308032693808248
  0.76870751415303695  0.77431420466316248  0.77986815850994051  0.78539807313169396
  0.79091124019610481  0.79641764947641391  0.80200390352448880  0.80776961434291727
  0.81367286738357969  0.81986366259005450  0.82593591667168320  0.83201888209028230
  0.83837813171219611  0.84500779832647188  0.85183383463940376  0.85937349823940123
  0.86753798582640396  0.87621170995694520  0.88567442005006980  0.89614899231743561
  0.90823733011913865  0.92333522961212222  0.94608586687233420  1.00000000000000000
   2.9552806812433146E-004  -1.0000000000000000     
 F F F F F F F F F F F F F F F F F F F F F F F F F F F F F F F F
  <DiscreteSampler_grid>
  grouped_processes
  1 # 1 for a reference and 2 for a running grid.
  10 # Attribute 'min_bin_probing_points' of the grid.
  1 # Attribute 'grid_mode' of the grid. 1=='default',2=='initialization'
  0.0000000000000000 # Attribute 'small_contrib_threshold' of the grid.
  0.5000000000000000 # Attribute 'damping_power' of the grid.
 # binID   n_entries weight   weight_sqr   abs_weight
    10   10   4.213259581168466E+006   3.766569626313832E+013   4.213259581168466E+006
    11   10   4.213259581168466E+006   3.766569626313832E+013   4.213259581168466E+006
  </DiscreteSampler_grid>
