  0.00005993525245634  0.00006025595376497  0.00006074169085540  0.00006146533872512
  0.00006217890445390  0.00006289510697644  0.00006362119297880  0.00006435367574967
  0.00006508457060731  0.00006582523650517  0.00006660624939065  0.00006741402422095
  0.00006824118559317  0.00006908656492150  0.00006995165133021  0.00007083038997917
  0.00007172118217903  0.00007261819956458  0.00007354933667381  0.00007452163304404
  0.00007556466538843  0.00007667536470207  0.00007779261860011  0.00007893151097216
  0.00008010902596756  0.00008128754802734  0.00008251323127539  0.00008380863079846
  0.00008517733327602  0.00008660392369687  0.00008803911870206  0.00008949427604970
  0.00009097902351161  0.00009254943879965  0.00009419178484182  0.00009591449876457
  0.00009769865338633  0.00009949051511774  0.00010130796959912  0.00010312746251788
  0.00010515009740909  0.00010726168871517  0.00010943680038811  0.00011166310757862
  0.00011393446645831  0.00011628728682574  0.00011879558662350  0.00012148588346067
  0.00012424449916665  0.00012705152906210  0.00013001683909063  0.00013320096602447
  0.00013657820098390  0.00014007840927099  0.00014369723304044  0.00014756888703090
  0.00015165129313040  0.00015595550327948  0.00016033787824997  0.00016520308914446
  0.00017042090958717  0.00017587910616251  0.00018153167858646  0.00018770697166452
  0.00019438649032171  0.00020130396613532  0.00020910207638364  0.00021749514049324
  0.00022643599270341  0.00023626445764956  0.00024717583571015  0.00025922224435690
  0.00027291555387423  0.00028736716344282  0.00030306069561112  0.00032009446489030
  0.00033953922038595  0.00036192402322048  0.00038718581461226  0.00041563714025651
  0.00044813167296246  0.00048593786006106  0.00053180921688588  0.00058478117331570
  0.00064697933798739  0.00072253638287491  0.00082028842674050  0.00094513549065188
  0.00109816862068513  0.00130804911993930  0.00159256224244165  0.00203441650724436
  0.00278543142119019  0.00447110168488160  0.06978778421408630  1.00000000000000000
 -0.00227813098934370  0.00934889672193853  0.01939938063076652  0.02995398693455630
  0.04065337999683590  0.05163513731334296  0.06260854715979496  0.07359508360396189
  0.08423073192302880  0.09472275884330814  0.10499681649812652  0.11513461515686771
  0.12521631678839779  0.13494516679916940  0.14479531478988666  0.15456191160292440
  0.16422235321579398  0.17406955960132448  0.18393134886004159  0.19411185595051142
  0.20460424008556294  0.21509184116398644  0.22559482846825926  0.23605238919596430
  0.24637421618432287  0.25679587568751722  0.26713383307759059  0.27787549845093867
  0.28850921962112686  0.29940480718907231  0.31032451507076741  0.32103318415551141
  0.33151013552335568  0.34183824430175952  0.35216092796289422  0.36227221241666840
  0.37232822779953145  0.38256667839363934  0.39296186692770213  0.40341312499658666
  0.41385859479437226  0.42443921351160163  0.43521947369446129  0.44617899366827601
  0.45720100555724669  0.46780022064254151  0.47818409756222169  0.48851265811903577
  0.49894992534405053  0.50958627285419755  0.52013426588944955  0.53103372931783221
  0.54187765544200694  0.55253091654140774  0.56311694995211792  0.57362702540066646
  0.58428789386484348  0.59483347670113584  0.60517291243080551  0.61549596926510219
  0.62591535076609994  0.63656003810466377  0.64725143406208530  0.65789957057467152
  0.66865763968402636  0.67969656362005015  0.69072333494015159  0.70167788311704071
  0.71265238383568208  0.72339272557164180  0.73386615329903715  0.74439184707921302
  0.75498798458799998  0.76557689763915759  0.77600358218907584  0.78671362786384769
  0.79729595761176764  0.80794463773595004  0.81853555715325055  0.82921690221790523
  0.83959567632869725  0.84985809545962554  0.86009599277736448  0.87027314026739866
  0.88071816603043129  0.89151136968077027  0.90252030663944760  0.91353599154861542
  0.92457013271095145  0.93571926516646819  0.94641753678736140  0.95722779383102752
  0.96791777859723271  0.97880729234071495  0.98936273143842646  1.00000000000000000
  0.00009552146077954  0.01149564204014600  0.02299720618292100  0.03458258850212386
  0.04611059756117390  0.05769478213794375  0.06895584689741026  0.08018860691194891
  0.09112030718577550  0.10197724012563635  0.11275669344993777  0.12366139288621229
  0.13458066512799308  0.14529856353812462  0.15582649399393833  0.16631090025292058
  0.17659458370079459  0.18699514060602676  0.19762905903044284  0.20851336869634546
  0.21939428657394433  0.23031570797995815  0.24113857909956932  0.25158500865873651
  0.26169601078027083  0.27181451690108938  0.28209761914020609  0.29239585846596094
  0.30249317650762569  0.31259163464537898  0.32292790821578166  0.33341258321950640
  0.34385987191278422  0.35423958513525877  0.36469495474378927  0.37519766949759104
  0.38564696320049174  0.39615210937833384  0.40663163835024752  0.41693914680692262
  0.42704201830733457  0.43714673953920186  0.44725724946189466  0.45735890101853904
  0.46726920218332429  0.47726211611862307  0.48733473951436029  0.49747117734336682
  0.50745577721223600  0.51735616159089870  0.52748728383613852  0.53782378234345429
  0.54816133892187280  0.55845891098504341  0.56885353509345060  0.57930591457627589
  0.58947260805243318  0.59935411298452235  0.60927260915798498  0.61919065914846660
  0.62909619649446702  0.63872910784485815  0.64853646273468635  0.65850511611321250
  0.66848685781123640  0.67829837501406531  0.68801856492595670  0.69774263391976354
  0.70741408656678306  0.71710631682404979  0.72655021208464687  0.73594731274143432
  0.74534273619139846  0.75505966098951893  0.76490803601912227  0.77479019694640017
  0.78442387302303218  0.79414645166693487  0.80394126077088102  0.81379204386297854
  0.82370105588007914  0.83370030810439300  0.84394274944328396  0.85417164064589401
  0.86425796883471728  0.87429076477331424  0.88445545969700401  0.89491488451581302
  0.90570380141274409  0.91697300851305830  0.92858252907725458  0.94046450760102629
  0.95275197850696358  0.96603183421833483  0.98168080465437391  1.00000000000000000
 -0.01788477177927795  0.10166539092098927  0.13703815678584563  0.15947308144288191
  0.17756757836326731  0.19306290112484642  0.20650725566638933  0.21876247492070586
  0.23003021541598265  0.24052087042332052  0.25041481613506322  0.25986161564363136
  0.26899364977697865  0.27789119796821782  0.28647829774806394  0.29471042129721980
  0.30264264079461850  0.31040465565309916  0.31795497996469285  0.32533503441345191
  0.33254354908187778  0.33944877458974809  0.34614034327730953  0.35278630596818061
  0.35941469422574723  0.36601041554227964  0.37256434738158412  0.37906720012758427
  0.38550522786081276  0.39187768384059340  0.39810090401785742  0.40414039918724837
  0.41016248182546178  0.41616883287786816  0.42206747236636222  0.42785542220862843
  0.43357334320350960  0.43922978576125005  0.44485134797077913  0.45046549289322702
  0.45608323439443066  0.46173366162167484  0.46741803035144552  0.47308787161253374
  0.47870799572983225  0.48430291543653947  0.48990588990159945  0.49555484986735021
  0.50133847425014133  0.50715791017624834  0.51299195254898688  0.51880756972530184
  0.52456733506510445  0.53027352009311834  0.53596664520067538  0.54165871701740609
  0.54738616702103837  0.55318224645398117  0.55897348200783215  0.56489935959692783
  0.57089081611539405  0.57698654764359070  0.58307519120145990  0.58916848197357641
  0.59518793207489029  0.60124924400868107  0.60737078850830062  0.61356389564751068
  0.61980754289797213  0.62611562515466679  0.63252190940908248  0.63902521454130479
  0.64563974568886495  0.65239992437609184  0.65935039770229920  0.66634158331884297
  0.67369973068632538  0.68112664409887314  0.68871257607193903  0.69662238813646327
  0.70472264244544758  0.71317433659589524  0.72182263717231410  0.73052895566947718
  0.73954049280525247  0.74893863668487537  0.75908350052720908  0.76979742614815372
  0.78110566004497461  0.79311497846042911  0.80631193334530971  0.82120805963488330
  0.83888815455903631  0.86114801510977512  0.89739338403753666  1.00000000000000000
   4.4376094844330938       -1.0000000000000000     
 F F F F F F F F F F F F F F F F F F F F F F F F F F F F F F F F
  <DiscreteSampler_grid>
  grouped_processes
  1 # 1 for a reference and 2 for a running grid.
  10 # Attribute 'min_bin_probing_points' of the grid.
  1 # Attribute 'grid_mode' of the grid. 1=='default',2=='initialization'
  0.0000000000000000 # Attribute 'small_contrib_threshold' of the grid.
  0.5000000000000000 # Attribute 'damping_power' of the grid.
 # binID   n_entries weight   weight_sqr   abs_weight
    10   10   2.558285403918883E+010   1.398721307927614E+021   2.558285403918883E+010
    16   10   2.558285403918883E+010   1.398721307927614E+021   2.558285403918883E+010
  </DiscreteSampler_grid>
