  0.00005958375234014  0.00006046307553649  0.00006113319006827  0.00006160602861797
  0.00006216358199184  0.00006271998647279  0.00006328652275570  0.00006387311971358
  0.00006447923782072  0.00006510027596196  0.00006574405946175  0.00006641924998994
  0.00006713200148083  0.00006785974582478  0.00006859225397650  0.00006933227587387
  0.00007008711567171  0.00007085038918498  0.00007161848402482  0.00007239746677302
  0.00007319053304951  0.00007404542163105  0.00007497685141456  0.00007597709247285
  0.00007702912787725  0.00007807449779655  0.00007914897561311  0.00008024181662627
  0.00008135263256745  0.00008250087853999  0.00008372307266130  0.00008506394629598
  0.00008642941173229  0.00008781472477835  0.00008922060158973  0.00009065307875067
  0.00009213608006752  0.00009371733511460  0.00009546875107348  0.00009724728002927
  0.00009907374010963  0.00010092452687477  0.00010285874009853  0.00010492494226079
  0.00010712084887518  0.00010948608579348  0.00011187156045260  0.00011433484320111
  0.00011686670425866  0.00011960007600303  0.00012248027002203  0.00012544056316009
  0.00012850235884202  0.00013173891131453  0.00013540820130492  0.00013914794908508
  0.00014297963845295  0.00014705545586379  0.00015159579491087  0.00015632886744974
  0.00016118766796228  0.00016643068679191  0.00017215065592259  0.00017819761451405
  0.00018463383367697  0.00019156681081561  0.00019887823379392  0.00020677398176776
  0.00021571184646617  0.00022537714682652  0.00023626902486115  0.00024829675978774
  0.00026136651980828  0.00027592484337860  0.00029171383192274  0.00031032563014482
  0.00033005161425225  0.00035365614289018  0.00037944694776678  0.00040871707597487
  0.00044229649653780  0.00047950953238871  0.00052237834391938  0.00057684614862085
  0.00064454872994920  0.00072499846811430  0.00083564757018832  0.00098114772387973
  0.00114654113969046  0.00139428268661884  0.00174098613990730  0.00225471399282690
  0.00309824213252778  0.00472217784362848  0.14487272548382948  1.00000000000000000
 -0.00218818567910512  0.00866696279221666  0.01844266574491914  0.02844169581988807
  0.03861807259207475  0.04857699514232486  0.05847239844304354  0.06872739740702703
  0.07912374384703920  0.09005271482572852  0.10141871932092508  0.11237421163046889
  0.12242448979186014  0.13250546740308272  0.14269053655906072  0.15290801564636639
  0.16321995580256493  0.17420199961768895  0.18532687428551636  0.19629654906095739
  0.20695786676642997  0.21737105351066016  0.22773943266531396  0.23854487941648791
  0.24943497527476358  0.26018532182075210  0.27093674818784225  0.28202382677797078
  0.29324599669810503  0.30442625782331068  0.31561676649882026  0.32663641453822923
  0.33760195694297523  0.34852542678442539  0.35977698008242726  0.37123864773705251
  0.38245475740466101  0.39324367846137004  0.40326684971580784  0.41307694394625022
  0.42303631292211796  0.43323740992772430  0.44378416265358372  0.45408196825347907
  0.46539274089182897  0.47689690460494921  0.48859461796369347  0.49968113955579663
  0.51001337950151837  0.52021993649368015  0.53040842632407537  0.54058000350942503
  0.55029811819334740  0.56001636967871682  0.57045046104554964  0.58065969894536396
  0.59054322545806837  0.60038066629324460  0.61078278588475543  0.62152642783318079
  0.63177791480076551  0.64182358140153406  0.65173699998016610  0.66176525682705523
  0.67137614859302297  0.68077851022613267  0.69039524058682378  0.70022642663555346
  0.71014358767938957  0.72017977318965154  0.73004404513105070  0.74087893295510254
  0.75127324672483198  0.76209897329139431  0.77287258752463583  0.78388876045592182
  0.79446657243197649  0.80473072837768744  0.81494417524982121  0.82545032509075544
  0.83611913806498883  0.84715391377072258  0.85790394026330474  0.86895728513547643
  0.88004501189895268  0.89147477683429077  0.90226170788800464  0.91299072112551849
  0.92391115173280713  0.93455055756617056  0.94499780637075848  0.95541954282618002
  0.96632037075368793  0.97741746898847925  0.98855437708303340  1.00000000000000000
  0.00444983215706925  0.02028957515646386  0.03697279044500481  0.05335946043167242
  0.06850414888920864  0.08326617925751847  0.09901433378999845  0.11419711225174142
  0.12879623630485171  0.14346947085387166  0.15820793215664566  0.17330097520056315
  0.18792362430976708  0.20203530233493566  0.21635398927818097  0.23139216739044116
  0.24640484621016034  0.26032632015473600  0.27339715559273126  0.28627720460675016
  0.29871289453518168  0.31034424093318608  0.32155551195925036  0.33270141782470380
  0.34386866941440114  0.35480331110970093  0.36581846648117650  0.37725201939749603
  0.38889207573800610  0.40029964837025495  0.41137594414083345  0.42240617789197160
  0.43358304677220666  0.44459015335878027  0.45555861368025824  0.46651895202223820
  0.47765504683644433  0.48847430110075485  0.49907226727756798  0.50982264722179604
  0.52083009094907351  0.53165377088115429  0.54204272220017191  0.55218832398060036
  0.56240656693563063  0.57285326436537409  0.58322509431516800  0.59362670033759291
  0.60393120096742825  0.61398506264046981  0.62376958547592232  0.63354580545159223
  0.64329128145958292  0.65299302309231755  0.66226621958846121  0.67153638829648332
  0.68045115586334692  0.68951591349284325  0.69832697158409407  0.70711333370793450
  0.71644738844123657  0.72582506501810540  0.73461156392764670  0.74321388138554811
  0.75183348411419504  0.76035741252699773  0.76866753024701517  0.77667366100305713
  0.78455555793551190  0.79255091993643123  0.80064479142876543  0.80869112260271925
  0.81648966473270812  0.82407676657722007  0.83164486221973266  0.83911418888857270
  0.84648595396483961  0.85383773041537603  0.86137620235491730  0.86903102032870627
  0.87664501666901973  0.88423282956413407  0.89161326420541775  0.89916641237785699
  0.90689127145348958  0.91464607579713786  0.92234721317675550  0.93006637435668504
  0.93776633719109426  0.94553273700659080  0.95323494084214844  0.96084384450036819
  0.96884093484243616  0.97742752153380774  0.98816520891069870  1.00000000000000000
 -0.00936083695881354  0.05551543589898311  0.07923601770919843  0.09469651566087091
  0.10687534240202720  0.11712808737862086  0.12635530758373095  0.13489744567368192
  0.14288520450236286  0.15047805456489891  0.15780740210280067  0.16492550229388087
  0.17166171592889234  0.17804820645187930  0.18430052320484697  0.19033290301916617
  0.19623636240466644  0.20207126713989246  0.20773856981993341  0.21327063976487812
  0.21882153877356064  0.22445147003675694  0.23014650750953544  0.23588910379213698
  0.24160281739551490  0.24713715039972675  0.25265672891076557  0.25816292227693138
  0.26367645984004273  0.26919468994376716  0.27472071171182932  0.28020654026966924
  0.28562027889737662  0.29097466744051526  0.29630427738730181  0.30170278930065275
  0.30717130787263636  0.31274233263842510  0.31798479650340356  0.32328489068079935
  0.32875871534440049  0.33431455286983086  0.33996080952926144  0.34556954497525733
  0.35103523153466937  0.35638243463929764  0.36173850895976267  0.36722084159612378
  0.37280992837819066  0.37853569166632317  0.38447298973059318  0.39035648336234063
  0.39649914567640893  0.40282641853909101  0.40940518057440106  0.41602567562249260
  0.42260384540667961  0.42918105327050449  0.43571716256200993  0.44230021072123799
  0.44895437235942598  0.45579541669066687  0.46282830591211876  0.47007406528207624
  0.47741018022739423  0.48503678475930417  0.49304056824709930  0.50094380497659841
  0.50862568280389864  0.51638117214212642  0.52462721294478809  0.53305594777148957
  0.54157956700509846  0.54996484896151976  0.55837170690087112  0.56729176502009204
  0.57663808456212351  0.58642901685689064  0.59660559394184554  0.60689822403425508
  0.61728358545200346  0.62788586249202238  0.63889927457356810  0.65036844405782690
  0.66244317464601710  0.67495644589597426  0.68779423313262056  0.70142791674645988
  0.71602349303258084  0.73236814879609191  0.75125734991442483  0.77238989284418369
  0.79675565175062846  0.82663304910059132  0.87159696953776022  1.00000000000000000
   11.762552710408317       -1.0000000000000000     
 F F F F F F F F F F F F F F F F F F F F F F F F F F F F F F F F
  <DiscreteSampler_grid>
  grouped_processes
  1 # 1 for a reference and 2 for a running grid.
  10 # Attribute 'min_bin_probing_points' of the grid.
  1 # Attribute 'grid_mode' of the grid. 1=='default',2=='initialization'
  0.0000000000000000 # Attribute 'small_contrib_threshold' of the grid.
  0.5000000000000000 # Attribute 'damping_power' of the grid.
 # binID   n_entries weight   weight_sqr   abs_weight
    13   10   4.563535670682413E+011   1.807146019958634E+024   4.563535670682413E+011
    14   10   4.563535670682415E+011   1.807146019958635E+024   4.563535670682415E+011
    16   10   4.563535670682413E+011   1.807146019958634E+024   4.563535670682413E+011
    17   10   4.563535670682414E+011   1.807146019958635E+024   4.563535670682414E+011
  </DiscreteSampler_grid>
