 -0.00104172818482063  0.02105206623969163  0.02705914057634984  0.03294001471021740
  0.03892614917539555  0.04512998045540079  0.05151346847100496  0.05762106749502843
  0.06427563761941792  0.07141619951374339  0.07871921680392378  0.08637547408731454
  0.09424901171452069  0.10248149044882447  0.11048815596184579  0.11867098465132150
  0.12699445896177633  0.13562391023429049  0.14416597258407898  0.15296734184406893
  0.16184139952819049  0.17083679581226702  0.17992610705028220  0.18908040623968383
  0.19824376696522900  0.20743304676126867  0.21681344980303952  0.22650624646102513
  0.23652873029105423  0.24626942859812254  0.25608711908324061  0.26615931724582903
  0.27633432634620592  0.28652047736134195  0.29724339402267508  0.30804924168267517
  0.31887885288843859  0.32974971713929974  0.34084202813744879  0.35192530373405312
  0.36280701346502686  0.37353541363334131  0.38445276189405059  0.39557547239295004
  0.40677415196933037  0.41798422833574173  0.42915923491679592  0.44080389855739732
  0.45272916706531535  0.46467174201748379  0.47653605312299263  0.48836274931565143
  0.49845727702541098  0.50831508713036133  0.51825947112862658  0.52823296380004936
  0.53992110945982663  0.55154780021869076  0.56330721074681622  0.57491115741628207
  0.58679667306135030  0.59860409447448093  0.61026513842669972  0.62184158566942016
  0.63317912042325231  0.64427603786459431  0.65533424727904599  0.66650939713270974
  0.67795084861704824  0.68923241098763921  0.70055031030443449  0.71190985865942558
  0.72317071051330284  0.73461782833606115  0.74606782098211388  0.75742785497976406
  0.76906728850780615  0.78135588353923380  0.79212287834338868  0.80302244490269803
  0.81404670219935760  0.82491662709847369  0.83551508747585213  0.84614724798142549
  0.85679529723864678  0.86775935209541122  0.87872514107091315  0.89019310007312247
  0.90193188976712357  0.91354197962552430  0.92541895148896181  0.93795444228208091
  0.95048179759143503  0.96301940322356028  0.97692155053552632  1.00000000000000000
 -0.00227085986849276  0.00976705384287178  0.02015246996430224  0.03075570896556576
  0.04109152477017853  0.05160297877462411  0.06205209540045243  0.07261119965373659
  0.08368043991940396  0.09513108398161937  0.10650829072496557  0.11700917872649534
  0.12740164630884968  0.13745492399276329  0.14745417056315832  0.15729362371282427
  0.16738039121221190  0.17778034049313901  0.18831276217557624  0.19913584801242781
  0.21009509675466737  0.22097920288888509  0.23200230635763472  0.24311929936399498
  0.25475609140807670  0.26674732934977097  0.27880695389465421  0.29065020820099274
  0.30218365612058734  0.31356662073208014  0.32469439323699922  0.33571740751238321
  0.34689789437750163  0.35750889929956631  0.36592473328325237  0.37411035202899617
  0.38218139880374558  0.39062569489542670  0.40093678258736259  0.41139557782197922
  0.42166197606505773  0.43184289684993976  0.44220387473586314  0.45257589141148552
  0.46248845210321288  0.47212666328045461  0.48230655247247795  0.49331541215318941
  0.50461350061876553  0.51560946818145048  0.52620374475826837  0.53660043663313062
  0.54673499094758249  0.55664409346060428  0.56654352667860242  0.57642460384413408
  0.58620708252986720  0.59593506667871565  0.60599122774733793  0.61661459507167904
  0.62755803972227364  0.63836452864591453  0.64874338185938629  0.65889884423811007
  0.66931305801860974  0.67994577001459311  0.69026450581941057  0.70017330952840662
  0.71016307925742284  0.72038972445458460  0.73069152194518838  0.74111078223582261
  0.75161832761131631  0.76252050966271967  0.77344325870259423  0.78465430281643389
  0.79593943673703382  0.80732663959151363  0.81846554815803818  0.82911764622626849
  0.83994379857033219  0.85075749099361708  0.86171440695210477  0.87238999619045987
  0.88317399723345746  0.89377455473510992  0.90430598457660050  0.91511355466711353
  0.92636057060057964  0.93724818989157865  0.94771850827765214  0.95783982842519111
  0.96852524515974647  0.97912844560811618  0.98972886017590622  1.00000000000000000
  0.01132660393769772  0.01202090155542571  0.01271519917315370  0.01340949679088170
  0.01410379440860969  0.01479809202633769  0.01548780649260174  0.01593254879595844
  0.01637729109931515  0.01682203340267185  0.01726677570602856  0.01889572362447574
  0.02428217552988031  0.03155466776420163  0.03918598242184419  0.04766880443456922
  0.05670406103207166  0.06549378332887248  0.07332908262683779  0.08154886472488751
  0.09004029738817720  0.09848478936496038  0.10678135725756602  0.11512796080767733
  0.12380761010869674  0.13264929589442145  0.14149345835982344  0.15026223218956272
  0.15916982529144327  0.16803737733903429  0.17698032209388972  0.18599017768658715
  0.19507256173320869  0.20401179965270913  0.21274294331630300  0.22148407858377001
  0.23030672000908264  0.23892908883318525  0.24764124059421810  0.25629051896415112
  0.26490379085551508  0.27354393910347385  0.28244500693422764  0.29140068460740293
  0.30037157775178602  0.30920322680418166  0.31820787251119581  0.32728715851992873
  0.33667907165999983  0.34601975244401756  0.35543782213981673  0.36475811775888767
  0.37412438530485242  0.38373908770899956  0.39355603785336485  0.40357303214839957
  0.41378545994422167  0.42413997118392849  0.43446197565762656  0.44455572766161772
  0.45484416387608079  0.46519607580580841  0.47535477394090986  0.48558902413111904
  0.49595416811984172  0.50636137478474574  0.51654567219983061  0.52708385594224727
  0.53803920298377284  0.54944700753406428  0.56095537803851758  0.57245690527232806
  0.58406418524664094  0.59583418246216679  0.60800351824498733  0.62022780835120139
  0.63249413790374898  0.64436450095911968  0.65693840626874167  0.67006827410272751
  0.68380004032605457  0.69750115745452734  0.71153655188128306  0.72550649796122824
  0.73980071036740136  0.75452369398779273  0.76999495771564819  0.78634134257496191
  0.80394540903924760  0.82273330611480799  0.84261198330697540  0.86418486988669518
  0.88749213915865732  0.91353632251695605  0.94734454412835611  1.00000000000000000
 -0.01945671038717824  0.12113109305471584  0.16821839463047419  0.19804967602328399
  0.22210869042386816  0.24300012990753472  0.26127284759206054  0.27807807879080187
  0.29343650924401515  0.30779868090448742  0.32212242633227034  0.33571947509662375
  0.34798707999314149  0.35985737572656151  0.37158559420312393  0.38269183581108512
  0.39329058001965106  0.40369079768097205  0.41389975608794699  0.42369013621051116
  0.43309328584091256  0.44217201909752329  0.45110019108105587  0.45993059286263233
  0.46877367810596765  0.47749755942718464  0.48589223767420897  0.49411650125209938
  0.50217475971155334  0.51006317281135205  0.51774007797530708  0.52523122055042315
  0.53269870166313837  0.54016024090702708  0.54780080267090847  0.55523139097716789
  0.56244101746342789  0.56928958246649952  0.57607939517744777  0.58283876004607005
  0.58934030369493273  0.59566639201123694  0.60189210191147180  0.60797494793137474
  0.61413250391007101  0.62031356230905543  0.62652074705583194  0.63269646707880134
  0.63879387983212310  0.64475386666262724  0.65081833538673384  0.65692714514417461
  0.66285498246511487  0.66875599663808016  0.67447512627999984  0.68018683508195110
  0.68596243609341179  0.69183209295001891  0.69754673216147145  0.70325676663895831
  0.70889579972068628  0.71446086187497881  0.72000762962739862  0.72552836346864569
  0.73098357781000300  0.73640444954883733  0.74173774036935247  0.74714026220865537
  0.75245779443454053  0.75774714257795717  0.76304628645421013  0.76841633515700958
  0.77400542433748476  0.77968774434541555  0.78542423600407285  0.79124581248243109
  0.79712884194042344  0.80299802910771778  0.80883589459804339  0.81476711924150380
  0.82106101106552531  0.82769248936467565  0.83442020031570330  0.84125379833267289
  0.84684413153360794  0.85221958581911272  0.85772792247585461  0.86337677138484881
  0.87043883233830355  0.87849506773367458  0.88738723718681745  0.89744987130417142
  0.90941959259352145  0.92424451882178071  0.94769129944212049  1.00000000000000000
   3.0826327351545838E-002  -1.0000000000000000     
 F F F F F F F F F F F F F F F F F F F F F F F F F F F F F F F F
  <DiscreteSampler_grid>
  grouped_processes
  1 # 1 for a reference and 2 for a running grid.
  10 # Attribute 'min_bin_probing_points' of the grid.
  1 # Attribute 'grid_mode' of the grid. 1=='default',2=='initialization'
  0.0000000000000000 # Attribute 'small_contrib_threshold' of the grid.
  0.5000000000000000 # Attribute 'damping_power' of the grid.
 # binID   n_entries weight   weight_sqr   abs_weight
    31   10   1.063825653213842E+008   2.115151067318664E+016   1.063825653213842E+008
    32   10   1.063825653213842E+008   2.115151067318664E+016   1.063825653213842E+008
    40   10   2.370959592280116E+008   5.876798464328548E+016   2.370959592280116E+008
    41   10   2.370959592280117E+008   5.876798464328548E+016   2.370959592280117E+008
  </DiscreteSampler_grid>
