  0.00005954212194490  0.00006007173937719  0.00006058951466481  0.00006119019372685
  0.00006182157141922  0.00006245975349195  0.00006310561522451  0.00006374710803486
  0.00006439084366915  0.00006504363406136  0.00006571978281394  0.00006643134494587
  0.00006718031237008  0.00006794936312883  0.00006872741741770  0.00006951163526547
  0.00007030716456880  0.00007112215238287  0.00007195824420480  0.00007280649256365
  0.00007364151608084  0.00007458488865048  0.00007558929222735  0.00007660172377654
  0.00007762154754373  0.00007867382156300  0.00007972985676927  0.00008079754687707
  0.00008188632780180  0.00008301789417592  0.00008422229219148  0.00008552990521864
  0.00008684454301582  0.00008819257650866  0.00008958127871566  0.00009099957096162
  0.00009246133420584  0.00009404779771232  0.00009571024375349  0.00009740765723907
  0.00009914309048033  0.00010091673932973  0.00010272479549558  0.00010461195739373
  0.00010680339842277  0.00010899118872143  0.00011122129617149  0.00011350638494106
  0.00011594201987462  0.00011859617681244  0.00012145026927915  0.00012441508502532
  0.00012742734483539  0.00013068822999996  0.00013420498895956  0.00013791530848241
  0.00014172169505319  0.00014579299933933  0.00015026424671984  0.00015500305327829
  0.00015994448667501  0.00016518803330971  0.00017115170526502  0.00017729210430884
  0.00018386972013941  0.00019111612579623  0.00019891702053419  0.00020716117749619
  0.00021674705403653  0.00022647217608728  0.00023764107688066  0.00024974763562600
  0.00026314570839633  0.00027793055935126  0.00029402915821740  0.00031206292444660
  0.00033234436537499  0.00035519896739664  0.00038119830675204  0.00041151021246536
  0.00044605822712673  0.00048846458905863  0.00053735641313368  0.00059606280079446
  0.00066600344756670  0.00075404922077447  0.00086666646770027  0.00101081184073943
  0.00122807991837011  0.00149821065488059  0.00188580509627744  0.00249147711628973
  0.00346866998309230  0.00599734785384894  0.16059434020384880  1.00000000000000000
 -0.00222512412996948  0.00932039404662767  0.01863402718975680  0.02861791050265367
  0.03855961278672258  0.04880271609103974  0.05913339757612047  0.07008289551048145
  0.08123700589581190  0.09226276031490589  0.10321149891068815  0.11407971441849141
  0.12491245904850058  0.13474174308027659  0.14485880629435927  0.15476324366352492
  0.16437009727268206  0.17382439826981416  0.18342626602369785  0.19354695704157732
  0.20390729286033077  0.21392344464832755  0.22387240352828414  0.23409036712063500
  0.24446161216996939  0.25472589344927032  0.26484858148808144  0.27510358200819451
  0.28568140227549066  0.29623274886768497  0.30671920193589980  0.31728254361616370
  0.32801145476404120  0.33906527651752610  0.35039053984716084  0.36188759503261286
  0.37350589776276594  0.38493014389718216  0.39615151877538818  0.40698478012185674
  0.41772899837574035  0.42849164107145526  0.43945136500572257  0.45000276347375157
  0.46067325980844598  0.47118924684281926  0.48170700024229174  0.49215138339254105
  0.50282118424146927  0.51347871599966566  0.52407515461053389  0.53491622579555176
  0.54589589447081910  0.55669692973005536  0.56741564722036697  0.57847355022105584
  0.58961437174536357  0.60064689461490506  0.61169245442044484  0.62264813366590277
  0.63373265186117089  0.64461546177923668  0.65555289579930753  0.66639777344790174
  0.67708703671887460  0.68797707857389334  0.69889119493433327  0.70980414106159362
  0.72054057073925659  0.73092224476390166  0.74090245644287833  0.75109935885750323
  0.76143185114780076  0.77196787591350580  0.78211455904797833  0.79240833392267784
  0.80284557743938378  0.81324232987982636  0.82323646209769363  0.83345752998849332
  0.84386899252107372  0.85451621881705708  0.86520300981709308  0.87598566041466341
  0.88610438271242775  0.89609586494753601  0.90611696006689613  0.91614653567831428
  0.92650446738364944  0.93682601560003931  0.94751605305548547  0.95804316917334842
  0.96855025334808165  0.97890151510040613  0.98930518264676237  1.00000000000000000
 -0.00276580907549669  0.01920918339280822  0.03772596240079702  0.05523681341410219
  0.07171006957568458  0.08753610507712004  0.10314034725720650  0.11865824188980605
  0.13379417712383604  0.14832316827094735  0.16249614649362762  0.17678408739149215
  0.19139294190567180  0.20626558566934053  0.22056857839702890  0.23442132121361736
  0.24763549362661866  0.26093605074330667  0.27398334056850493  0.28664078304356599
  0.29911070715049282  0.31152754827582158  0.32378790266888136  0.33610270007916038
  0.34846686282339479  0.36099760967808836  0.37332858448716927  0.38542423719886415
  0.39730877940058085  0.40910524654921226  0.42076746045865987  0.43228595349985843
  0.44369065298337357  0.45482952164422485  0.46604226933778142  0.47686231235163046
  0.48733504669970734  0.49742977866774329  0.50750615615430461  0.51770236359345756
  0.52798581848139792  0.53811014826251324  0.54818059780805983  0.55824539823752273
  0.56831348790767977  0.57846923581602083  0.58856625721363676  0.59850588987041620
  0.60817584477029685  0.61792427091090540  0.62785667741272344  0.63785634041639627
  0.64781301271697800  0.65760368465249086  0.66713650310777717  0.67649311785426436
  0.68563463486550780  0.69456960222067043  0.70343165708599831  0.71228644225981663
  0.72118747464604516  0.73009622195304547  0.73885369049171457  0.74748597239959225
  0.75593623361810469  0.76429217530718496  0.77267323775336560  0.78098154599322867
  0.78908664089553016  0.79721724442794861  0.80541066119402827  0.81358636132906981
  0.82170323446960036  0.82968537508406359  0.83726370053175958  0.84458168032089642
  0.85196543534521296  0.85946901702820877  0.86696934134468129  0.87443233532581777
  0.88189312053440039  0.88927205836928447  0.89657552309327249  0.90385757096079666
  0.91113497049290282  0.91822589034527002  0.92508938630217485  0.93202566131430364
  0.93926226823401648  0.94683691141823612  0.95462772886368441  0.96250750150361186
  0.97060747649804036  0.97871053444351896  0.98884855248567582  1.00000000000000000
 -0.00964041570928514  0.05436010527521515  0.07879479271812333  0.09485308613618566
  0.10737583663897134  0.11794540113813096  0.12733540959703513  0.13584241246644366
  0.14394026733822454  0.15137066448498360  0.15845851560238436  0.16527598638524896
  0.17180731280892977  0.17811452304032790  0.18432674664029902  0.19032073766816529
  0.19622996227488640  0.20203540345857049  0.20779765893283261  0.21357413839175959
  0.21932781998887588  0.22509891455399275  0.23090134189371564  0.23658109222150606
  0.24229145916980221  0.24796082241211018  0.25357790962234561  0.25914328672841652
  0.26466311015185007  0.27011695710086253  0.27545689807965545  0.28073246163389326
  0.28600187708990138  0.29121567614265670  0.29641648443874169  0.30162225124978004
  0.30681873980733593  0.31203507561481586  0.31740679365360863  0.32296866932789231
  0.32848883189906708  0.33404268406412951  0.33956466555467296  0.34514395356932764
  0.35087528380593219  0.35678680678999120  0.36281697324997592  0.36884295285086666
  0.37484898337845063  0.38102087728973116  0.38734453751641984  0.39365074137027700
  0.39986784268426023  0.40604314040510325  0.41227713887398959  0.41861427070334106
  0.42504531577214888  0.43161632039314296  0.43825334571942143  0.44484283471919472
  0.45154486492647739  0.45840978274009397  0.46557333722390515  0.47295172765784871
  0.48029911118912916  0.48764942330600058  0.49489494332981859  0.50251899773055986
  0.51045485269066282  0.51863150468033281  0.52665418547381393  0.53476936383620899
  0.54297279187397340  0.55129429384533457  0.55970619883276307  0.56855389521078237
  0.57776430982083504  0.58738975949058736  0.59719462894914033  0.60739842080366224
  0.61783635012518068  0.62871488654655139  0.63968012113316997  0.65116654049021327
  0.66338474931689706  0.67622809117091709  0.68989611862366829  0.70465307291133117
  0.72018522402240392  0.73706935303392540  0.75569087707698690  0.77659746359218573
  0.80034380384753945  0.82841908654631080  0.87248299306010013  1.00000000000000000
   3.5634256570041138       -1.0000000000000000     
 F F F F F F F F F F F F F F F F F F F F F F F F F F F F F F F F
  <DiscreteSampler_grid>
  grouped_processes
  1 # 1 for a reference and 2 for a running grid.
  10 # Attribute 'min_bin_probing_points' of the grid.
  1 # Attribute 'grid_mode' of the grid. 1=='default',2=='initialization'
  0.0000000000000000 # Attribute 'small_contrib_threshold' of the grid.
  0.5000000000000000 # Attribute 'damping_power' of the grid.
 # binID   n_entries weight   weight_sqr   abs_weight
    13   10   4.732906087634537E+011   1.924461503782036E+024   4.732906087634537E+011
    14   10   4.732906087634528E+011   1.924461503782027E+024   4.732906087634528E+011
    16   10   4.732906087634537E+011   1.924461503782036E+024   4.732906087634537E+011
    17   10   4.732906087634528E+011   1.924461503782027E+024   4.732906087634528E+011
  </DiscreteSampler_grid>
