  0.00005990672641947  0.00006099525829849  0.00006252116000555  0.00006376386712868
  0.00006491620873586  0.00006608016216726  0.00006728028854445  0.00006852705077446
  0.00006979921685636  0.00007108154206963  0.00007236364498348  0.00007365866159397
  0.00007506409373532  0.00007652047388654  0.00007802136919560  0.00007952450408978
  0.00008102052380188  0.00008255574361303  0.00008416645170180  0.00008585211194521
  0.00008761174009645  0.00008939782400475  0.00009121883063500  0.00009306123548344
  0.00009502730090782  0.00009705786452010  0.00009910512459028  0.00010116173002620
  0.00010325694646267  0.00010548269241630  0.00010780473134827  0.00011021064420926
  0.00011265059461759  0.00011511462966890  0.00011782529069738  0.00012074881813716
  0.00012375544467206  0.00012682876558234  0.00013008854296992  0.00013360275048608
  0.00013727456533207  0.00014105864684995  0.00014487704914875  0.00014921572316977
  0.00015366603212306  0.00015823969725489  0.00016296270711829  0.00016814047432982
  0.00017348911171500  0.00017886120211615  0.00018455451344099  0.00019081292113979
  0.00019752784344953  0.00020464030708744  0.00021225068765487  0.00022012041089735
  0.00022836046156864  0.00023749364469478  0.00024730299545621  0.00025757436095608
  0.00026854340779743  0.00028008370252312  0.00029267332733836  0.00030689102515207
  0.00032201314488374  0.00033817513841678  0.00035534281388993  0.00037421172087165
  0.00039504048275183  0.00041731801853458  0.00044138808604217  0.00046736007343724
  0.00049670985107898  0.00052896825122146  0.00056649494068366  0.00060643586008275
  0.00064983261051995  0.00069673304251598  0.00075003815734934  0.00081229545891585
  0.00088852436000993  0.00098161848818487  0.00108793110210445  0.00120964634952370
  0.00135976599975163  0.00156062414926290  0.00176485782112973  0.00199867571399245
  0.00229516299322584  0.00265370759703621  0.00319056185693027  0.00380311629867546
  0.00480019335508201  0.00632989725704512  0.04819112147063421  1.00000000000000000
 -0.00185563037633647  0.00868097676015287  0.01816180453454376  0.02844558490351284
  0.03887369111291964  0.04916363562003514  0.05912186539556777  0.06969854590663849
  0.08051107327222901  0.09126148355314154  0.10199058105432990  0.11238954786787420
  0.12315820690664658  0.13325982747765544  0.14374203837275629  0.15389440692463074
  0.16394359368562678  0.17385690715233731  0.18379418703651451  0.19374004191673880
  0.20395953752408347  0.21432198629141894  0.22486243284942981  0.23557327628182698
  0.24612726508588972  0.25690713553643890  0.26748620472820561  0.27821289507814162
  0.28883792848471379  0.29947496586304978  0.31003705368278800  0.32039518202668954
  0.33087739285244416  0.34167946268708527  0.35290090974876670  0.36375727816712894
  0.37475291656029958  0.38572577040390010  0.39669544391210887  0.40711594044972732
  0.41729358669665922  0.42755742393290869  0.43770724048192555  0.44803860950429525
  0.45838753254361231  0.46896095352858874  0.47953917496235687  0.49016498651892432
  0.50101642135733970  0.51187235631590167  0.52256890355540664  0.53299886956618703
  0.54358010588863159  0.55419451121527863  0.56496100096239166  0.57572806146172795
  0.58627793425576091  0.59691999928624850  0.60783489928811940  0.61916111191309642
  0.63015456337313203  0.64106101433858897  0.65179307086026539  0.66237071162448080
  0.67265116638345068  0.68292698519129003  0.69315653948826295  0.70353906270455491
  0.71376777801585423  0.72399695242019646  0.73437856387109646  0.74475997694936791
  0.75488873036769288  0.76495387147641869  0.77499261637788164  0.78513691798451501
  0.79511960403941662  0.80512940466170224  0.81544597401521413  0.82626079600467606
  0.83728238329181204  0.84860046496403763  0.85968563465392345  0.87102102212614207
  0.88214414016036180  0.89330300245875682  0.90427473852273510  0.91486734470377884
  0.92571471071632061  0.93621711912912298  0.94661685756061964  0.95690064686177423
  0.96748268619944666  0.97852485187859783  0.98929635690462547  1.00000000000000000
  0.00045567754823838  0.01472237257138158  0.02824798060559185  0.04036702911054333
  0.05202299837167121  0.06350858862758620  0.07500351780317689  0.08637858558892253
  0.09793848679063830  0.10945875334418044  0.12070753118953827  0.13178629305456388
  0.14262616644312134  0.15339179127517852  0.16401780899024235  0.17457448293176070
  0.18523767175651465  0.19611965696757969  0.20710200051821728  0.21805980895763422
  0.22904811584846238  0.24016262845786659  0.25118356768115974  0.26180433095971040
  0.27200951094202563  0.28210222824922326  0.29242489013141487  0.30292513438342294
  0.31330065549301261  0.32344930312001630  0.33346909064076674  0.34351684070735022
  0.35375297597964017  0.36433710095153204  0.37508470684252110  0.38573458244525455
  0.39613725600503613  0.40647430775383631  0.41682373132694978  0.42697597834408735
  0.43685049636505857  0.44641000507602407  0.45602018597521810  0.46549607637332391
  0.47472155109481295  0.48390550648472092  0.49300264421260143  0.50219465831214827
  0.51145218357141098  0.52072389964566113  0.52997411095784319  0.53915442155337900
  0.54836457139861272  0.55764232182746298  0.56690789795781305  0.57613159454753826
  0.58537602691982682  0.59474393887502175  0.60417217100256615  0.61359338411636810
  0.62315081042274734  0.63277972590873688  0.64231057427308091  0.65187605015929928
  0.66144964541531781  0.67116708497657762  0.68084597196594798  0.69033223541652111
  0.69954596122236767  0.70863731109567485  0.71778981531624386  0.72710160288146908
  0.73644849743897045  0.74555538026261348  0.75465609987277027  0.76382869123384844
  0.77331615499354456  0.78288475470004992  0.79275127048057881  0.80286048854566117
  0.81296349040351712  0.82294899568357704  0.83296671204195605  0.84311296708684613
  0.85332556822999017  0.86351954170894885  0.87347334314739311  0.88374590817294207
  0.89427217543064819  0.90551728250031582  0.91723999730772499  0.92945495466364558
  0.94250710347486377  0.95732676875522715  0.97584375040178550  1.00000000000000000
 -0.01887482184142171  0.12391593956359538  0.17080376052567067  0.20054671159100029
  0.22549286813570030  0.24712291663463623  0.26586833313298219  0.28277619684678018
  0.29809447836387970  0.31207155996154479  0.32523115294323673  0.33774523438396292
  0.34961846008999292  0.36115494651839336  0.37252971688328385  0.38354013157308392
  0.39414349370109669  0.40435892251591576  0.41426270696775591  0.42362931709558466
  0.43274110140391986  0.44182700600802083  0.45081095165195978  0.45961827789446841
  0.46830966395664314  0.47676469150587847  0.48507928434404968  0.49309515662259951
  0.50097655728563384  0.50865763912364681  0.51625007695015979  0.52375262094828912
  0.53114386454162410  0.53849161421015779  0.54550558181922792  0.55226413757617299
  0.55895109982808799  0.56554094991558268  0.57204772188851016  0.57845467609746848
  0.58486548217204304  0.59131970755852659  0.59773917405633759  0.60413871221642546
  0.61020435035311849  0.61627027072013751  0.62235498454825466  0.62834381834958797
  0.63432124629672670  0.64016175390767793  0.64597569863488369  0.65162717933828573
  0.65721623107500315  0.66277191409436742  0.66822299306354982  0.67359701277161754
  0.67895803126493959  0.68427557483869672  0.68951747520972806  0.69473380051918399
  0.69992295701437102  0.70511150575242820  0.71039054137692625  0.71577495877093433
  0.72124372713676077  0.72664403895886520  0.73194430928470888  0.73716719188394031
  0.74241950632236620  0.74775847547027852  0.75320221132766074  0.75873402169860837
  0.76425274131142695  0.76970473838980147  0.77522561996446027  0.78087662601791130
  0.78659236950339428  0.79236088378479363  0.79814429787203733  0.80398302590676263
  0.80983628537300212  0.81586440701083041  0.82208121708621040  0.82845150523948496
  0.83505391192377787  0.84192842128228096  0.84902569329528721  0.85646648999808894
  0.86434296153422618  0.87259842025053902  0.88159878994721053  0.89189572033088238
  0.90420417561281952  0.92035419391848750  0.94494593541156480  1.00000000000000000
   1.7512229372382150E-002  -1.0000000000000000     
 F F F F F F F F F F F F F F F F F F F F F F F F F F F F F F F F
  <DiscreteSampler_grid>
  grouped_processes
  1 # 1 for a reference and 2 for a running grid.
  10 # Attribute 'min_bin_probing_points' of the grid.
  1 # Attribute 'grid_mode' of the grid. 1=='default',2=='initialization'
  0.0000000000000000 # Attribute 'small_contrib_threshold' of the grid.
  0.5000000000000000 # Attribute 'damping_power' of the grid.
 # binID   n_entries weight   weight_sqr   abs_weight
    10   10   5.368995809378192E+009   2.090935784587352E+020   5.368995809378192E+009
    11   10   5.368995809378192E+009   2.090935784587352E+020   5.368995809378192E+009
  </DiscreteSampler_grid>
