  0.00005935541660262  0.00005978380664482  0.00006014437946285  0.00006057047539178
  0.00006104496714924  0.00006155311856086  0.00006210985792555  0.00006270678302392
  0.00006331076824176  0.00006392420449397  0.00006456037712276  0.00006521958597063
  0.00006589563726584  0.00006660759084816  0.00006738818178672  0.00006817387345890
  0.00006895147729522  0.00006974151599361  0.00007054378707333  0.00007136101312827
  0.00007220538679715  0.00007305874605388  0.00007397584402606  0.00007494947825454
  0.00007598582785478  0.00007707150791690  0.00007815945304571  0.00007926868956406
  0.00008039244782682  0.00008153226880447  0.00008270104322450  0.00008395632321014
  0.00008537011342778  0.00008678745766247  0.00008824256817203  0.00008974090679247
  0.00009125769287912  0.00009283012631594  0.00009455330985837  0.00009638408549618
  0.00009821477728240  0.00010009512377262  0.00010203963025049  0.00010405989639222
  0.00010618987161423  0.00010850301063375  0.00011084997750036  0.00011323874753767
  0.00011568352003100  0.00011839648870061  0.00012132605102407  0.00012432513807619
  0.00012738394826181  0.00013052780387001  0.00013415617490197  0.00013795945786995
  0.00014189729869964  0.00014611598478219  0.00015078079754560  0.00015572832083345
  0.00016082873542664  0.00016630834204910  0.00017229711362090  0.00017869931144506
  0.00018563463776406  0.00019324466144690  0.00020140616174100  0.00021016829916161
  0.00021985753686147  0.00022996944770327  0.00024157778081719  0.00025436734973281
  0.00026871993613919  0.00028450036762988  0.00030217927259650  0.00032194260818455
  0.00034402845059818  0.00036868428282670  0.00039777356660494  0.00043136797908155
  0.00046821052942611  0.00051134377595919  0.00056277017892807  0.00062058253336285
  0.00069726460574499  0.00079220076147806  0.00090470574188412  0.00104593269783508
  0.00123080387909709  0.00147737555588661  0.00182453457098288  0.00237396346883261
  0.00351477519656200  0.00681132953819658  0.06422020930497294  1.00000000000000000
 -0.00244070806288810  0.00917023210189936  0.01904147452214955  0.02928586088226145
  0.03947305788743651  0.04957162756312197  0.05950125407890932  0.06956748251285655
  0.07985586519359650  0.09017845588183426  0.10042834136342502  0.11068056792692973
  0.12097354491172592  0.13117453484197911  0.14119130042824837  0.15119129730556025
  0.16099559830506521  0.17073308782785040  0.18060911154073667  0.19061168818956459
  0.20080254251026103  0.21110637556769932  0.22185001328381637  0.23243208461588069
  0.24274109594219484  0.25292074159551647  0.26327081028461574  0.27367102009300009
  0.28398663688673487  0.29433400948326005  0.30500940482468181  0.31581625625178406
  0.32679162551814822  0.33780930403828840  0.34868563325808216  0.35913221283385127
  0.36928152568882994  0.37929258659683618  0.38942993682613974  0.39965910912973496
  0.41000566458470666  0.42050384045259698  0.43140983457127463  0.44264078339471796
  0.45409586500121329  0.46553897682438700  0.47669823178070997  0.48744373672440638
  0.49794313347949481  0.50831576107691756  0.51876281111755351  0.52907765252133165
  0.53926975964063784  0.54948788570876905  0.56003003985289179  0.57075573103658583
  0.58142945742000640  0.59200754965278857  0.60279639903335980  0.61378960380916692
  0.62482833277695771  0.63585076354401304  0.64692225106182732  0.65788892624570749
  0.66878582664170261  0.67970520368552834  0.69079984214144385  0.70191551598169899
  0.71270747686446445  0.72354051124490426  0.73449242862379072  0.74536051229495937
  0.75574854595781316  0.76578839125543241  0.77607656720330620  0.78658204891331873
  0.79710401119249963  0.80754724489933283  0.81810664827468527  0.82908203970890559
  0.84007475660673092  0.85136504691101322  0.86252439248402435  0.87344609022954689
  0.88390342712533687  0.89415030323527267  0.90453850312975193  0.91496992588468296
  0.92546017590394947  0.93573065228563646  0.94617689648564607  0.95681700323866647
  0.96769227837749561  0.97847878308101410  0.98921792175058942  1.00000000000000000
 -0.00134499411305118  0.01739974262663960  0.03491902533047209  0.05219434228060769
  0.06876233435143463  0.08516459829578035  0.10091016406149156  0.11624818073783454
  0.13108874320363254  0.14565426061448650  0.16028689831535867  0.17426859645373569
  0.18755154397960302  0.20065933467329974  0.21396281114737190  0.22761435583354470
  0.24172047116076054  0.25585705583514612  0.26970004319423696  0.28318804751988852
  0.29625771464522715  0.30889861951904879  0.32120365253230637  0.33322091350929872
  0.34489382163866561  0.35638004368756016  0.36786134620547695  0.37944417017910098
  0.39089795978548908  0.40252870809829777  0.41389825373271449  0.42515948457462799
  0.43592363302611248  0.44665420804197048  0.45729556771410973  0.46820834651350746
  0.47884454155940026  0.48948424147243286  0.50004065429260258  0.51058178621295713
  0.52100798396912251  0.53096810544204964  0.54101907923294801  0.55088670097530090
  0.56063453075080472  0.57010522248214135  0.57964383957078069  0.58958879360686001
  0.59970927696731768  0.60977866292176919  0.61974435916497927  0.62942671716224252
  0.63899557673764107  0.64833541026335295  0.65761616789131150  0.66669200329061729
  0.67568261642077065  0.68467295945851492  0.69368527988024065  0.70263247963631714
  0.71146026925740957  0.72024089041710693  0.72892990356152598  0.73747937728082713
  0.74589436673520149  0.75434387594323149  0.76288452905010928  0.77145574186616861
  0.77997564545029041  0.78840358840528757  0.79673465163641044  0.80490762599555543
  0.81287384659402240  0.82068944083998674  0.82846664011388704  0.83649483676461467
  0.84484217880074874  0.85314038842620454  0.86147599490014160  0.86984995642892704
  0.87802931716024379  0.88588820497715159  0.89340540390866197  0.90093475274450407
  0.90857443621223077  0.91622241920858871  0.92366090373434862  0.93101605199599513
  0.93847336850990992  0.94606836902844993  0.95378658021447738  0.96169419028541236
  0.96999286033240240  0.97844091327228178  0.98874706178454908  1.00000000000000000
 -0.00929098984766792  0.05406515016546598  0.07768942467243997  0.09316940593890370
  0.10558429084693899  0.11629677969070870  0.12597119697058315  0.13482300127391508
  0.14309394360253483  0.15068888284051662  0.15790545207043066  0.16478303430026314
  0.17145860220660233  0.17791553951533731  0.18444813204390564  0.19072998169440328
  0.19685934640351491  0.20285841234264620  0.20870338754478990  0.21441185271757210
  0.22003118358669047  0.22562527873285534  0.23116970429876799  0.23673679412818782
  0.24212682548774050  0.24760984524215432  0.25319294460346353  0.25886257305504529
  0.26454326748192958  0.27018399268543564  0.27578911190672289  0.28138039612941596
  0.28694820344536165  0.29248054391751299  0.29807012557201334  0.30369639450345387
  0.30941467022462782  0.31515896176319269  0.32090492403757681  0.32663734902465935
  0.33234476086148007  0.33804337149268904  0.34374925831677267  0.34943881082409539
  0.35515807649027581  0.36100976250230904  0.36683160870594123  0.37265981402058246
  0.37853356092878138  0.38449246019314320  0.39055613527506505  0.39670071120667383
  0.40294360093562820  0.40927495537497394  0.41570804971518910  0.42228327348567901
  0.42891359879168633  0.43552730238894366  0.44212196954050531  0.44871861301576477
  0.45545836734084283  0.46237022447123460  0.46957917552136680  0.47688682199991300
  0.48425136423892035  0.49178914475772406  0.49932952425556076  0.50707784242989484
  0.51492293795985566  0.52272937679162945  0.53056992832389660  0.53852069113336221
  0.54669425581844244  0.55494292414190527  0.56337980061638493  0.57207732951299928
  0.58097690807202040  0.59011885567038858  0.59957615576090584  0.60934223002425059
  0.61955805229295158  0.63019247343689788  0.64138662377725630  0.65301903470815859
  0.66512835767060152  0.67786649392586140  0.69135222231213123  0.70560329847127290
  0.72091624344882321  0.73744344509455817  0.75565284911052821  0.77583493518534941
  0.79894707417548050  0.82686932164403171  0.87049667217511961  1.00000000000000000
   3.5529451426522587       -1.0000000000000000     
 F F F F F F F F F F F F F F F F F F F F F F F F F F F F F F F F
  <DiscreteSampler_grid>
  grouped_processes
  1 # 1 for a reference and 2 for a running grid.
  10 # Attribute 'min_bin_probing_points' of the grid.
  1 # Attribute 'grid_mode' of the grid. 1=='default',2=='initialization'
  0.0000000000000000 # Attribute 'small_contrib_threshold' of the grid.
  0.5000000000000000 # Attribute 'damping_power' of the grid.
 # binID   n_entries weight   weight_sqr   abs_weight
    13   10   7.829916993601486E+010   1.827896718446082E+022   7.829916993601486E+010
    14   10   7.829916993601486E+010   1.827896718446082E+022   7.829916993601486E+010
    16   10   7.829916993601486E+010   1.827896718446082E+022   7.829916993601486E+010
    17   10   7.829916993601489E+010   1.827896718446084E+022   7.829916993601489E+010
  </DiscreteSampler_grid>
