  0.00005935699275437  0.00006016420501092  0.00006067544294307  0.00006117870985353
  0.00006170526181052  0.00006229796607209  0.00006291192904588  0.00006355425768418
  0.00006421815318007  0.00006489788725986  0.00006559043265512  0.00006631264229903
  0.00006707313437343  0.00006784792370169  0.00006862814889417  0.00006941155824520
  0.00007020159243864  0.00007100772346594  0.00007181589758611  0.00007263768814245
  0.00007347858094199  0.00007436526315540  0.00007535568887605  0.00007636701443581
  0.00007739942237874  0.00007844541418584  0.00007950722776901  0.00008058889868675
  0.00008168412002334  0.00008278984079233  0.00008406918017069  0.00008542131317823
  0.00008679474803901  0.00008818042437693  0.00008958846673801  0.00009101186270010
  0.00009245421645587  0.00009405227972714  0.00009576807247420  0.00009750767496814
  0.00009928392358380  0.00010110383546128  0.00010293246663975  0.00010491738062157
  0.00010704913935382  0.00010925690518703  0.00011149434567095  0.00011378208865283
  0.00011623192020843  0.00011883170050568  0.00012160681443223  0.00012449844417910
  0.00012747822915073  0.00013062059249419  0.00013408785249051  0.00013783422541844
  0.00014165774854728  0.00014555398739276  0.00014995900390418  0.00015461077660632
  0.00015944073132437  0.00016457531765321  0.00017021128892465  0.00017629207025339
  0.00018276136882160  0.00019024161062701  0.00019839713195323  0.00020722760488271
  0.00021688911718536  0.00022718616520723  0.00023849904429974  0.00025091581519438
  0.00026424101323683  0.00027955946127504  0.00029623897268745  0.00031555610513748
  0.00033675682494441  0.00036026949623800  0.00038671269709761  0.00041682233746845
  0.00045187911454808  0.00049390294933952  0.00054600697613341  0.00060876891948223
  0.00067955554782833  0.00076389624140750  0.00087257298467714  0.00102566657521930
  0.00123188475470130  0.00150128834362221  0.00191957775558272  0.00259206040296851
  0.00365960403101769  0.00577995655865404  0.13316047014195517  1.00000000000000000
 -0.00245827069042513  0.01011218927794779  0.02099481778910036  0.03196017223865162
  0.04317563590689846  0.05422167361867983  0.06505067420611009  0.07572074194050964
  0.08644798296756440  0.09722845310305180  0.10784932755378740  0.11849691872856744
  0.12934963629702059  0.14024223613880657  0.15125919443635841  0.16243713431274104
  0.17351526511462970  0.18451600008877464  0.19523307989859237  0.20578219437769529
  0.21605954439351174  0.22616315891902930  0.23600231262512988  0.24561709238284646
  0.25531612005541415  0.26523867635252119  0.27558184758999804  0.28591729842799773
  0.29639365290946196  0.30690696521184818  0.31746627624528856  0.32808400799149917
  0.33875646497054318  0.34938015142924267  0.36001495264035860  0.37060703917174409
  0.38139692203775732  0.39249510677913607  0.40349424098894648  0.41431766838712764
  0.42451373056086522  0.43475318991922884  0.44500878540580974  0.45538791601134210
  0.46594918810632019  0.47640924604518176  0.48722336509905168  0.49785812933054646
  0.50880110122877331  0.51962688048162542  0.53039251758800210  0.54091250673255842
  0.55101655679829387  0.56118912837013379  0.57114145153863993  0.58082798911834566
  0.59053563793819663  0.60024962870968601  0.61016611193916248  0.62040600326995610
  0.63089756249570395  0.64190137449884965  0.65301012828220306  0.66424550638238877
  0.67498528444008354  0.68554589339155270  0.69603228768759684  0.70666995145904410
  0.71696507741280846  0.72737837006564265  0.73779830562634319  0.74839731085193062
  0.75878845348613422  0.76949315023012310  0.78011341022995151  0.79068381142728228
  0.80116507732044884  0.81174475814080016  0.82189332764520417  0.83205971499961073
  0.84252733988701833  0.85307490301195243  0.86339047906820698  0.87371269029817422
  0.88426549375137231  0.89468187921419307  0.90484249612303069  0.91507205890997600
  0.92571892526531030  0.93628726046024746  0.94687525892472213  0.95754005037313517
  0.96829526142185984  0.97911601743153054  0.98959087185878947  1.00000000000000000
 -0.00069937880966844  0.01896043885354729  0.03744450876735356  0.05528415415491345
  0.07237330725087557  0.08870242479636747  0.10469883360893568  0.12012482703010760
  0.13491273905522358  0.14946430279421927  0.16403128561814412  0.17838567976510683
  0.19240956972429138  0.20665886387859508  0.22097250460302481  0.23485284054255817
  0.24792104182830010  0.26063722437767367  0.27333390216193287  0.28596407132242702
  0.29839929452044672  0.31074163536597649  0.32322294580416594  0.33574352640524729
  0.34808884874039736  0.36016363334313090  0.37229918760342379  0.38418972993402206
  0.39564118332925424  0.40674266748339433  0.41791483794842810  0.42930932362954499
  0.44058415372273080  0.45183821960542153  0.46302369664442139  0.47424378499998460
  0.48524656762460788  0.49631267062668410  0.50733276066357080  0.51839882843609741
  0.52899676272039031  0.53948701908881247  0.54970935658556463  0.55991584879214440
  0.56990544464506643  0.57993887301716129  0.58992510163902656  0.59985002251419539
  0.60960174990519045  0.61908401123314594  0.62845645308853693  0.63771011993975013
  0.64709558457494154  0.65629557210254297  0.66541424969186436  0.67438552787893535
  0.68340544030608574  0.69250999134140068  0.70154980102551157  0.71068223969510036
  0.71988637128698463  0.72902400077991725  0.73779534905358912  0.74635848325261123
  0.75489181489243273  0.76340463207144516  0.77187256357622935  0.78031005353527105
  0.78870502664602160  0.79707429793479390  0.80549556074481976  0.81368932205322053
  0.82183836438332980  0.83001498612306768  0.83795795487664382  0.84584089210656843
  0.85373174139424124  0.86156304049155219  0.86933800990705812  0.87687029386425874
  0.88422857427635881  0.89157355777401104  0.89887486514281967  0.90610772022715835
  0.91326534483039901  0.92036936198443287  0.92748715373850887  0.93463657935522948
  0.94187893969246739  0.94921996689653643  0.95659775217469456  0.96425452975172921
  0.97202138455512543  0.98008770097312958  0.98952920660632715  1.00000000000000000
 -0.00949117304404272  0.05426980939405393  0.07889763354083007  0.09505938125823590
  0.10754198150351442  0.11831381642187912  0.12777446689336086  0.13626341852278073
  0.14438906640363283  0.15185639617655838  0.15898703517273369  0.16576267214103341
  0.17228287118452726  0.17864903623407258  0.18489616367445641  0.19094626012419633
  0.19682820989458508  0.20265627503350922  0.20832187456317888  0.21383108563100417
  0.21928861107794043  0.22476867966500036  0.23027402703218058  0.23571488773074509
  0.24104633055560942  0.24631684940013462  0.25157639236806917  0.25689290340595161
  0.26224970760807620  0.26760075186040572  0.27297911700995414  0.27837644623249713
  0.28378466481492143  0.28913184919927515  0.29443510795502958  0.29975860245499247
  0.30510810080826456  0.31052403066982243  0.31600896062061884  0.32159588197929156
  0.32720290035112481  0.33291407087161828  0.33882644761839426  0.34477010356145366
  0.35064759523799477  0.35649834558774746  0.36237559066224018  0.36827261147974555
  0.37420788535622568  0.38031029482294720  0.38655669585160995  0.39285081431415275
  0.39920224410215172  0.40558979434650522  0.41200555855010201  0.41847885095961901
  0.42510192139411579  0.43174045295944030  0.43851674599255752  0.44549583057379677
  0.45259369170168851  0.45974959670977122  0.46695361017112397  0.47427306095496047
  0.48176730184470595  0.48938447349274505  0.49706691804889236  0.50482822371929481
  0.51260500492534289  0.52057607887383339  0.52867898057621932  0.53682441762899602
  0.54512164550958875  0.55354599286815853  0.56223244663806515  0.57134300342326139
  0.58065382848754477  0.59012116579178209  0.59963310634284184  0.60961732692767168
  0.62010794735278185  0.63088690065961039  0.64192464584997666  0.65341634099647294
  0.66548784467193545  0.67792847469990603  0.69105655887393447  0.70524074431587858
  0.72057547761191643  0.73729551206090682  0.75564302077241607  0.77591274314867498
  0.79936042926345885  0.82798508626505507  0.87256307039448400  1.00000000000000000
   3.5672499810275156       -1.0000000000000000     
 F F F F F F F F F F F F F F F F F F F F F F F F F F F F F F F F
  <DiscreteSampler_grid>
  grouped_processes
  1 # 1 for a reference and 2 for a running grid.
  10 # Attribute 'min_bin_probing_points' of the grid.
  1 # Attribute 'grid_mode' of the grid. 1=='default',2=='initialization'
  0.0000000000000000 # Attribute 'small_contrib_threshold' of the grid.
  0.5000000000000000 # Attribute 'damping_power' of the grid.
 # binID   n_entries weight   weight_sqr   abs_weight
    13   10   1.610805285723938E+013   2.115019587986494E+027   1.610805285723938E+013
    14   10   1.610805285723931E+013   2.115019587986474E+027   1.610805285723931E+013
    16   10   1.610805285723938E+013   2.115019587986494E+027   1.610805285723938E+013
    17   10   1.610805285723931E+013   2.115019587986473E+027   1.610805285723931E+013
  </DiscreteSampler_grid>
