  0.00005933442251043  0.00005980217950421  0.00006041228492211  0.00006105815210403
  0.00006171193456989  0.00006240966921914  0.00006314709983003  0.00006387758885322
  0.00006461838967469  0.00006536513352118  0.00006613665758647  0.00006694021568789
  0.00006777450479572  0.00006863107038483  0.00006950066841863  0.00007038543667954
  0.00007128799056287  0.00007220590964159  0.00007312902300726  0.00007406377629749
  0.00007515108096869  0.00007625345172875  0.00007738921683934  0.00007854866217879
  0.00007972200732606  0.00008090356813784  0.00008208935802968  0.00008327913913850
  0.00008461094791849  0.00008598734058450  0.00008739033900554  0.00008882938209726
  0.00009029819859240  0.00009176860916265  0.00009332115083270  0.00009499793790302
  0.00009672829706896  0.00009849389276206  0.00010028629153923  0.00010209026927173
  0.00010396020672112  0.00010603292372943  0.00010816660842476  0.00011036414985259
  0.00011261158523211  0.00011485702761990  0.00011728940601567  0.00011992398756984
  0.00012267089153991  0.00012548592915972  0.00012839814409106  0.00013150916693760
  0.00013480466957035  0.00013824808934667  0.00014174845701137  0.00014542342122857
  0.00014947386032814  0.00015379128989563  0.00015824935736868  0.00016286871053589
  0.00016787555527876  0.00017331519453831  0.00017889318607794  0.00018490444561915
  0.00019149606833920  0.00019847618961883  0.00020577110574448  0.00021366344586963
  0.00022209933629251  0.00023097308254116  0.00024109164471966  0.00025175800944019
  0.00026359857037670  0.00027662989179295  0.00029106160328574  0.00030752912808036
  0.00032619119864455  0.00034746607657204  0.00037168205163983  0.00039872256361987
  0.00042983034418448  0.00046536762805390  0.00050717202377329  0.00055577431489568
  0.00061279051387942  0.00068213454651853  0.00076728732829554  0.00087248865207533
  0.00101838183258822  0.00120922047154538  0.00148615071597879  0.00190618288908993
  0.00269989637231063  0.00436960406909017  0.15608511207632006  1.00000000000000000
 -0.00256189255380400  0.00972059025376993  0.02028302910969139  0.03092559310716948
  0.04152245335721938  0.05182881763491896  0.06207303005239246  0.07228765201138927
  0.08253009113179154  0.09312329910653747  0.10386262026869421  0.11451026021681765
  0.12487046067205680  0.13538945688094586  0.14595293759973493  0.15628947639092072
  0.16643196212421529  0.17708466891409494  0.18781529995482071  0.19843989889199679
  0.20872129265555830  0.21971351636666886  0.23060188562648126  0.24132193243985484
  0.25206169426336300  0.26314322141662899  0.27416187782937573  0.28473551106550010
  0.29552363007925586  0.30591885256474916  0.31627348386703080  0.32654448669986552
  0.33695664768601974  0.34742795580177260  0.35795568415790685  0.36865749853255697
  0.37932990615666234  0.39001592723080974  0.40059507705469133  0.41083403227210630
  0.42097484493557707  0.43104652403092503  0.44117504175445449  0.45146280421147961
  0.46195387509176711  0.47274973571115880  0.48323684458300287  0.49348606332883144
  0.50392782079986786  0.51453295727596504  0.52506340105658966  0.53549844681382908
  0.54598977787947800  0.55686342321723403  0.56787328147264360  0.57860401499517722
  0.58909112921194118  0.59939670830316671  0.60999886985648577  0.62053007800496174
  0.63099150767126755  0.64126856156248846  0.65165783451444914  0.66217538701854506
  0.67274207041923839  0.68329314974540889  0.69371476431213019  0.70398970308569264
  0.71401051164193508  0.72411395087689445  0.73426983855195893  0.74470322156283397
  0.75494119915387348  0.76527159594754579  0.77537266149053463  0.78565922833453528
  0.79599397751407475  0.80660263836592350  0.81706447000354299  0.82761093713076495
  0.83820155578580535  0.84896206624157566  0.85960530659114787  0.87039756380103128
  0.88096278736376965  0.89182947777634591  0.90262453587779357  0.91370217203930937
  0.92459823297694366  0.93542466732292073  0.94620506049597286  0.95685890009485641
  0.96767151389189521  0.97850296997787745  0.98932803300494865  1.00000000000000000
 -0.00121173857885376  0.01144290716373775  0.02223478509718647  0.03349389557360177
  0.04471693380526431  0.05574216747608794  0.06688862762973244  0.07783694009661568
  0.08894607712570540  0.10002809604381167  0.11114816270773119  0.12229486191662163
  0.13348702451087568  0.14452428616736540  0.15514781292623525  0.16549860257357144
  0.17590443311100451  0.18643274678091498  0.19706273978603714  0.20768853088858164
  0.21819672321634240  0.22869679540218676  0.23936601301448546  0.25020039630844992
  0.26087397777257959  0.27130255640571099  0.28174914357337505  0.29242171315109233
  0.30324726609149760  0.31402020942002556  0.32462826816004586  0.33505346597492247
  0.34535703950746521  0.35562257185450330  0.36591463216492570  0.37622348122536620
  0.38659623743195654  0.39697126300368923  0.40720584983398395  0.41729556000583545
  0.42727364166075682  0.43720068766329861  0.44724847550132146  0.45738841320008594
  0.46760145768812744  0.47780557419958652  0.48790674325058769  0.49798086970180477
  0.50802475928103508  0.51811633489618369  0.52817042315491802  0.53816362620137359
  0.54814117645507388  0.55813049474124521  0.56808830206426975  0.57795288397314737
  0.58777153452891107  0.59751326037416241  0.60721129668835438  0.61697864813673309
  0.62680944336122169  0.63680956030922098  0.64692168782670023  0.65702941902396050
  0.66708965017970767  0.67682752179872407  0.68664576306436942  0.69643161856521063
  0.70639971531037149  0.71649333917453628  0.72647568685172614  0.73643399460312853
  0.74623025768021112  0.75616228485634296  0.76620047605311781  0.77620542182740571
  0.78627949930607532  0.79643444149064946  0.80658577019074407  0.81661991897506658
  0.82664046204479680  0.83676223523493276  0.84702822466308481  0.85731116010006225
  0.86751887727425603  0.87766159290470658  0.88770260917440458  0.89784604868944184
  0.90823122003996215  0.91887934827796847  0.93007198901113475  0.94169380966265837
  0.95387931287699501  0.96701359411596788  0.98220438061582582  1.00000000000000000
 -0.01829825128603736  0.10469373570265886  0.13890861047176789  0.16046876817666816
  0.17811899704325548  0.19336195107989360  0.20695092361097248  0.21932043310723331
  0.23087407695612985  0.24168558442353141  0.25192913794160987  0.26147681211931706
  0.27067163573128672  0.27940851784206200  0.28783492964438562  0.29588545022163903
  0.30362571522116788  0.31131604449305411  0.31891083846425511  0.32635567583646830
  0.33357366642864045  0.34059581877667217  0.34748830436448869  0.35424306857234200
  0.36083524537959644  0.36736770335571217  0.37386021577813472  0.38022398083458830
  0.38644856616669249  0.39257349606231662  0.39863356244479703  0.40469039277963853
  0.41069136465142914  0.41665913399464471  0.42263455639572606  0.42856834479241984
  0.43447151334244904  0.44035995211484991  0.44624867462507600  0.45215071905723370
  0.45798937707498016  0.46368485515304164  0.46928107616536208  0.47488853402003639
  0.48050990997604592  0.48611177630104885  0.49175208279954336  0.49740491567111178
  0.50307490220666762  0.50876623958567868  0.51442245890329341  0.52003725945490764
  0.52563850025463033  0.53124851771663717  0.53689585957851305  0.54256934692356473
  0.54824897971653730  0.55393282074515982  0.55961846493643141  0.56539221556333197
  0.57128633597483880  0.57725780058234499  0.58327632033478727  0.58944412198682705
  0.59567109462096435  0.60192209212268089  0.60810478862648132  0.61427105532268800
  0.62050949514155673  0.62688938571276931  0.63343829952563957  0.64009949158909285
  0.64679034464692520  0.65353309586090047  0.66037413957456770  0.66732486986381212
  0.67471972302650862  0.68215145579464787  0.68976080075390767  0.69754608793960626
  0.70560218779494743  0.71387958411905483  0.72233589298746237  0.73103532518081527
  0.74014089816569717  0.74966921342425474  0.75964323506983511  0.77024595971956089
  0.78183597091110113  0.79432869684121554  0.80767226669870640  0.82227044905344737
  0.83949066774823233  0.86120247733678457  0.89599918216823671  1.00000000000000000
   4.4202212385886455       -1.0000000000000000     
 F F F F F F F F F F F F F F F F F F F F F F F F F F F F F F F F
  <DiscreteSampler_grid>
  grouped_processes
  1 # 1 for a reference and 2 for a running grid.
  10 # Attribute 'min_bin_probing_points' of the grid.
  1 # Attribute 'grid_mode' of the grid. 1=='default',2=='initialization'
  0.0000000000000000 # Attribute 'small_contrib_threshold' of the grid.
  0.5000000000000000 # Attribute 'damping_power' of the grid.
 # binID   n_entries weight   weight_sqr   abs_weight
    10   10   1.447727222436648E+010   3.575895412292245E+020   1.447727222436648E+010
    16   10   1.447727222436648E+010   3.575895412292247E+020   1.447727222436648E+010
  </DiscreteSampler_grid>
