  0.00005924685024159  0.00005985844235650  0.00006053842988226  0.00006121646457231
  0.00006189250480615  0.00006259340213046  0.00006332251421705  0.00006407186430828
  0.00006483187776685  0.00006558932188181  0.00006641103644383  0.00006725726552625
  0.00006812202694454  0.00006900451945300  0.00006990504336047  0.00007081465389154
  0.00007172725784331  0.00007265529402453  0.00007361511063960  0.00007461541513519
  0.00007566281737591  0.00007676711337262  0.00007787975082194  0.00007899741210952
  0.00008015368346697  0.00008132476346645  0.00008252091397698  0.00008379457417251
  0.00008518906804747  0.00008657548180856  0.00008798504334323  0.00008942985979461
  0.00009090021856953  0.00009243683008087  0.00009408035507789  0.00009579203385064
  0.00009755780895503  0.00009936665225582  0.00010119570053123  0.00010305200607781
  0.00010503861438551  0.00010717969706112  0.00010933922206096  0.00011152935083353
  0.00011376120888284  0.00011609097951102  0.00011857334439476  0.00012119134185101
  0.00012389640728324  0.00012664801696359  0.00012948908148646  0.00013256936415634
  0.00013584310751780  0.00013921133294220  0.00014271027837819  0.00014652063924407
  0.00015059685393274  0.00015486978599978  0.00015922428923005  0.00016388826495599
  0.00016899557450822  0.00017441174671209  0.00018013338894321  0.00018631080199910
  0.00019297591734860  0.00019985683996767  0.00020710920622883  0.00021528404141711
  0.00022382802519121  0.00023304436973289  0.00024322616906556  0.00025418102440108
  0.00026645020441449  0.00028010952394654  0.00029516827001956  0.00031192548796643
  0.00033030846914038  0.00035091989484393  0.00037394945979435  0.00040027849744705
  0.00043066527152769  0.00046623087528555  0.00050772499354582  0.00055768081700507
  0.00061929163631242  0.00069566181437517  0.00078959317411934  0.00090285028628363
  0.00105173523365732  0.00126232399342530  0.00155819148016462  0.00201947674191570
  0.00275079098352936  0.00464107524237263  0.30868931009864570  1.00000000000000000
 -0.00260689930020477  0.01001456858155893  0.02034775812705233  0.03090171915904237
  0.04133516971680207  0.05146934923137485  0.06182186972368076  0.07249943350086628
  0.08322037603569561  0.09400862249932455  0.10466234031822896  0.11538699779718387
  0.12569431684825816  0.13572339371338973  0.14575773010235851  0.15551155175462242
  0.16535655023788304  0.17536556754179669  0.18533632954783530  0.19528747334877269
  0.20516209461052756  0.21526949565971265  0.22538926286597386  0.23606234385094135
  0.24712893050442919  0.25803503826461893  0.26879849855321808  0.27977765910435515
  0.29102188375186971  0.30194015752793152  0.31267416847840118  0.32352873574445407
  0.33432519060512134  0.34506210000824705  0.35577941256995688  0.36657028180260415
  0.37710252589913706  0.38769701602860646  0.39823329008557079  0.40902159196812216
  0.41996110518816177  0.43097489186591936  0.44199863347427193  0.45309683953043162
  0.46393697617778795  0.47482947280262228  0.48535820201338759  0.49579267893326984
  0.50598873472203210  0.51622612111434385  0.52666724991444169  0.53716441582757601
  0.54741149489966767  0.55748234178303746  0.56775394209280416  0.57828356311373519
  0.58878540197579554  0.59932870260910909  0.61003839968532525  0.62087911920426220
  0.63172750558685331  0.64247106607629922  0.65344764672173106  0.66434793746371290
  0.67528559598659588  0.68600579070340695  0.69641295722742358  0.70668750275228653
  0.71705692565383528  0.72753551173624109  0.73800229401293804  0.74813216550566841
  0.75849712110768197  0.76891763835449023  0.77936692671633356  0.78974987762104643
  0.79986207112386554  0.80976028928393340  0.81962546535738035  0.82958774782709110
  0.83992404790378883  0.85031956175990286  0.86088214920330686  0.87140022688571761
  0.88197395127057465  0.89245313746275279  0.90293024387847232  0.91361680219047214
  0.92448562240114074  0.93571433083757483  0.94657358542661929  0.95760972751296480
  0.96832190619887915  0.97920180975649451  0.98956395251139984  1.00000000000000000
 -0.00216156572352396  0.00987716743184158  0.02032469431303263  0.03130396015646383
  0.04234005581498458  0.05364198911990167  0.06494955271006038  0.07652275277943206
  0.08793184571621764  0.09934909783316036  0.11040214128169976  0.12117680000642357
  0.13173944500199863  0.14227001928397945  0.15294179521370294  0.16369860274546774
  0.17451750158886162  0.18538837812270545  0.19635305855287619  0.20732850263662436
  0.21833835324994530  0.22951915514174762  0.24071061408770528  0.25162237899225420
  0.26206870426778212  0.27221382560411150  0.28248123418268001  0.29288131001745149
  0.30336705103322104  0.31376944613603630  0.32426083538743616  0.33486100467053759
  0.34544409174720792  0.35596924498625843  0.36655670037751326  0.37711729493967566
  0.38736601614761695  0.39743872818997700  0.40747353623937627  0.41767444985625923
  0.42818631033667270  0.43874018234194745  0.44930191494675292  0.45999213060069649
  0.47093809741341258  0.48175098364662172  0.49200130510031392  0.50222798802828295
  0.51254630728202422  0.52283488849936244  0.53311089063993722  0.54335810403764806
  0.55352914169602330  0.56372429274213487  0.57385844742486325  0.58388020567673460
  0.59388592340973867  0.60386343095075667  0.61381775740849265  0.62357348978029137
  0.63320243837832912  0.64278317747521985  0.65239969789496388  0.66194343445625081
  0.67147455311556148  0.68100850967202275  0.69074971835469667  0.70078951415098245
  0.71087999847091643  0.72079150815967552  0.73049066507793292  0.74017304421186281
  0.74980706377252160  0.75927687456920812  0.76868871453772647  0.77807874707307056
  0.78750477594803048  0.79695400853790566  0.80643379490166112  0.81605117262922078
  0.82573026894705115  0.83543568888431374  0.84531781575676979  0.85554324998636544
  0.86602914792315655  0.87639539416529655  0.88650760051629873  0.89669590135478461
  0.90715833985577321  0.91778836038783773  0.92851767909382377  0.93980862383928065
  0.95210986123566077  0.96557259509130589  0.98131844314626870  1.00000000000000000
 -0.01813761344755082  0.10429271132427337  0.13882042505496814  0.16017794619708131
  0.17751011455336016  0.19247861177739933  0.20589591781369154  0.21809068311266822
  0.22931819383307764  0.23973937807578313  0.24977326837730288  0.25934723593282821
  0.26863623004985543  0.27755045710333764  0.28618354804686497  0.29442974889683438
  0.30237443623322363  0.31009124973372099  0.31752264411157372  0.32465212702213048
  0.33172002955251517  0.33875956311842492  0.34575979841063281  0.35264037345128940
  0.35936481116463465  0.36593965777868326  0.37244934861769291  0.37887587360852132
  0.38523237669961496  0.39153406612381925  0.39771990024704690  0.40377233090411896
  0.40975106735405747  0.41572508234881778  0.42167844293716966  0.42754906313061375
  0.43344929602322962  0.43923778962638321  0.44497227218012947  0.45071283926742201
  0.45651568671422116  0.46243549253455474  0.46834962453272388  0.47414969120528377
  0.47981715844863115  0.48540646625026695  0.49101431796125844  0.49670363068024437
  0.50245234097126656  0.50802094621910665  0.51359003544311244  0.51903070539614393
  0.52436487917894159  0.52971790508212657  0.53508094216455726  0.54049594607980744
  0.54608306791861572  0.55176022098344424  0.55740045978933184  0.56309840842610914
  0.56899649610400849  0.57501957525833947  0.58115619868111656  0.58738134445529255
  0.59360832520978446  0.59991085219353146  0.60619840987666196  0.61263728497085779
  0.61903152778719006  0.62552773027710840  0.63209383139259068  0.63875778928584326
  0.64554219925233380  0.65246167573018132  0.65945631207394906  0.66650703119321875
  0.67375390075051234  0.68116216798865736  0.68871515299304320  0.69655254222664398
  0.70452971446853452  0.71281742932652892  0.72143575544270433  0.73039135501432484
  0.73972720675650872  0.74947744716300391  0.75972102422294951  0.77036281873943435
  0.78171106326572726  0.79407208752402503  0.80796293351518311  0.82350777469622582
  0.84110163912452718  0.86255399039295710  0.89793363598823406  1.00000000000000000
   4.4903160960026733       -1.0000000000000000     
 F F F F F F F F F F F F F F F F F F F F F F F F F F F F F F F F
  <DiscreteSampler_grid>
  grouped_processes
  1 # 1 for a reference and 2 for a running grid.
  10 # Attribute 'min_bin_probing_points' of the grid.
  1 # Attribute 'grid_mode' of the grid. 1=='default',2=='initialization'
  0.0000000000000000 # Attribute 'small_contrib_threshold' of the grid.
  0.5000000000000000 # Attribute 'damping_power' of the grid.
 # binID   n_entries weight   weight_sqr   abs_weight
    10   10   4.171057474675849E+010   7.051840118416631E+021   4.171057474675849E+010
    16   10   4.171057474675849E+010   7.051840118416630E+021   4.171057474675849E+010
  </DiscreteSampler_grid>
