 -0.00615119671306505  0.07370921055869520  0.10496856338198220  0.13086595179330354
  0.15229050538826872  0.16985131391180891  0.18512725948087386  0.19941942904269153
  0.21264685853829465  0.22517013132786934  0.23700033404328563  0.24808168115895796
  0.25808410740379173  0.26752837022742659  0.27674018115643734  0.28573129106410011
  0.29433578666855797  0.30255803089086508  0.31064636489173159  0.31864187951830275
  0.32657161464351198  0.33427651702846589  0.34158037344742131  0.34837595006253047
  0.35503446222425222  0.36146750696405888  0.36781464737500524  0.37402276316883426
  0.38005747915855131  0.38591682486596662  0.39180511155933645  0.39762328097704841
  0.40330492412950725  0.40884976885042312  0.41429199309470649  0.41965425450339239
  0.42498802523415430  0.43028342663756836  0.43545319950376860  0.44054846191993874
  0.44554071720966110  0.45054465536487620  0.45564594153701482  0.46075108482499810
  0.46577501310976699  0.47067537087366584  0.47544314562076079  0.48014595797638115
  0.48489611426846269  0.48966919555461630  0.49455457472149089  0.49937628279001295
  0.50432545710734078  0.50946013317477046  0.51459577401490986  0.51963934910864440
  0.52464722437203293  0.52962852804246729  0.53458371761940271  0.53958125229617560
  0.54463663817218588  0.54980125764014698  0.55501651444398603  0.56022153967737742
  0.56544686204486783  0.57075597920142229  0.57613731388689959  0.58193624501380270
  0.58805488014140461  0.59420630678157771  0.60031676749880925  0.60646149854754172
  0.61271766423606444  0.61930952311582266  0.62604926014108031  0.63301138663083967
  0.64008678291630372  0.64728205239226888  0.65446434307741697  0.66231287890227286
  0.67125619064248931  0.68094407172729665  0.69089931447838582  0.70125740054971819
  0.71210345177520251  0.72314638555276411  0.73485854202730772  0.74677096447748526
  0.76063094749478555  0.77712970118032365  0.79629595792025532  0.81786960752402593
  0.84314497832070867  0.87614130388775846  0.93523312362889954  1.00000000000000000
 -0.00245031415444800  0.01026546708928330  0.02072168890691083  0.03148262782273137
  0.04235952656910513  0.05460568825673807  0.06649540150964310  0.07782607126829826
  0.08855086224986831  0.09911345110723330  0.10915094382707248  0.11906906001478988
  0.12934748471667493  0.14011043013463376  0.15040535947651146  0.16059670403632501
  0.17022857919663836  0.17973990561129985  0.18935769867860158  0.19882004465861924
  0.20813690078924921  0.21775313361577472  0.22748476702058557  0.23800789546563778
  0.24902557563572739  0.26050974607397209  0.27171442614651525  0.28203892283413906
  0.29231640302671963  0.30280950166645959  0.31353162421245317  0.32384682682397697
  0.33406790740663822  0.34397577262827306  0.35413826797981179  0.36467336594801131
  0.37538900526305918  0.38597828620093499  0.39670973515439917  0.40845003699726645
  0.42022880357963277  0.43147194285522866  0.44249526435822190  0.45314983652994983
  0.46372408382860064  0.47453102590327073  0.48557721004347315  0.49677476347482280
  0.50799827950429965  0.51900887933692119  0.52967025222203146  0.53990826055667063
  0.54987521418640761  0.55987364440255039  0.57018260284978650  0.58068888701495947
  0.59145573314208677  0.60236575119845082  0.61338684381250419  0.62419788237451213
  0.63485756678580008  0.64564273457373378  0.65662851870724348  0.66762056039912698
  0.67848001791429313  0.68915184417861886  0.69985391117566853  0.71052814135562459
  0.72100189442563467  0.73108015347271027  0.74104988134468652  0.75126208050711107
  0.76175016325140166  0.77215572912804731  0.78207972330716624  0.79203525481434078
  0.80226294900311224  0.81259110403837964  0.82282187975679910  0.83327341760266538
  0.84449160120670086  0.85528389451133213  0.86545481159577575  0.87565026470734775
  0.88601519549933161  0.89657189460555298  0.90725758429130809  0.91802074761918850
  0.92866111483325831  0.93913821325406122  0.94934280680423133  0.95959521031583561
  0.96984176045649506  0.97987466849609228  0.98999757280869238  1.00000000000000000
  0.00720388639782737  0.00974824038559623  0.01398922444195066  0.01822765068092027
  0.02267925383185369  0.02746231210262370  0.03232187158905559  0.03710477168496527
  0.04201013421159631  0.04690738971159114  0.05196147550410091  0.05700795477558370
  0.06215832654130730  0.06734884053868292  0.07256448309848500  0.07773559379561819
  0.08292332086860670  0.08827039166540702  0.09372908035141560  0.09918332719637603
  0.10462321425962606  0.11009048467774073  0.11563767781692276  0.12125360091545044
  0.12676923936234194  0.13216067076601740  0.13757791358724328  0.14311828055353398
  0.14879327374299292  0.15454467157759114  0.16022441286179362  0.16590719676029864
  0.17174967212198947  0.17776904603285107  0.18379162671038976  0.19017278052675143
  0.19693351983632526  0.20367967515733895  0.21023885361340716  0.21681028888272114
  0.22348172547618209  0.23028747251162410  0.23719196942262116  0.24411453382887777
  0.25113275929339529  0.25858120834909454  0.26606861996277853  0.27374751942507997
  0.28162472231767594  0.28951235963512634  0.29743292548122058  0.30543864548988575
  0.31359459116385235  0.32198929503533946  0.33050713566723938  0.33899143931795134
  0.34727805427921266  0.35559730891223529  0.36398840771428681  0.37259124118488363
  0.38117676048441684  0.38991326911536617  0.39893719187288407  0.40850364968916536
  0.41817603888362276  0.42791511146507999  0.43768901298364754  0.44809300271328806
  0.45879033348378945  0.46971066289364977  0.48067414956167159  0.49166841439785364
  0.50273366935795960  0.51402043310192602  0.52579141013972952  0.53801243340540728
  0.55126715432673279  0.56489950950863776  0.57849708870577388  0.59207973427407334
  0.60602328494358448  0.62050132010814263  0.63512307518163913  0.65022098237692627
  0.66638682954286599  0.68302268830370427  0.70031417933831475  0.71835734109048710
  0.73789134683908486  0.75884590713730160  0.78158174020612092  0.80673420787717975
  0.83544233491168807  0.86975278497621422  0.91682945064164967  1.00000000000000000
 -0.01745935652959523  0.10219481788527178  0.13470263733086044  0.15538802723344325
  0.17276193446814617  0.18784692373280615  0.20135554861760499  0.21395001519661264
  0.22575637265671447  0.23661966452839137  0.24681321260875014  0.25660300008696413
  0.26627562397186749  0.27516954860818632  0.28362712136916879  0.29184024048040252
  0.29974112652756957  0.30755366415111685  0.31508106355048970  0.32235074073310049
  0.32937493858462275  0.33626758700425002  0.34319323933482121  0.35004415879287393
  0.35710329441719096  0.36411184823938691  0.37099486842378354  0.37761344129837410
  0.38398407491909703  0.39038894300378485  0.39685401593323466  0.40330114623447560
  0.40984535964038438  0.41613882575814393  0.42209687693000542  0.42791948162429777
  0.43370724929902349  0.43946203775224069  0.44522847566837542  0.45102335381147768
  0.45673474928442243  0.46254295649079963  0.46834298952951559  0.47409671407242415
  0.47990750041530433  0.48580321372068042  0.49176879358920639  0.49771821028075991
  0.50354033008527210  0.50925996666107187  0.51503362225449534  0.52070541680378668
  0.52629985403304380  0.53189165813730055  0.53746963967125361  0.54301199350802520
  0.54860089010873891  0.55428876560912410  0.56002581661536122  0.56582720208463089
  0.57157161191314465  0.57730550576643669  0.58307400303530488  0.58885850358415770
  0.59478942236024779  0.60069998970016192  0.60677877785447065  0.61300292963506287
  0.61927990941547306  0.62577573360050942  0.63245455851445775  0.63913229501486091
  0.64595858490048685  0.65325544485470755  0.66099711154489083  0.66871037701969638
  0.67612765934490260  0.68373075614067602  0.69138833880719619  0.69916031201927908
  0.70710041964993620  0.71534150197938928  0.72384033936993963  0.73284391459896048
  0.74252236374640912  0.75275675599392455  0.76365553135072550  0.77514311354648369
  0.78717570215912924  0.79988560744262271  0.81337239753218216  0.82797010386277814
  0.84523867220793492  0.86613580026067172  0.89942753232889894  1.00000000000000000
  0.11165152335239041       -1.0000000000000000     
 F F F F F F F F F F F F F F F F F F F F F F F F F F F F F F F F
  <DiscreteSampler_grid>
  grouped_processes
  1 # 1 for a reference and 2 for a running grid.
  10 # Attribute 'min_bin_probing_points' of the grid.
  1 # Attribute 'grid_mode' of the grid. 1=='default',2=='initialization'
  0.0000000000000000 # Attribute 'small_contrib_threshold' of the grid.
  0.5000000000000000 # Attribute 'damping_power' of the grid.
 # binID   n_entries weight   weight_sqr   abs_weight
    10   10   1.468066935001510E+008   3.588803906925709E+016   1.468066935001510E+008
  </DiscreteSampler_grid>
