  0.00005917227575336  0.00006056887261541  0.00006159715700380  0.00006216401249699
  0.00006283277281215  0.00006351760773481  0.00006421474913854  0.00006491248956142
  0.00006561338122130  0.00006635632591944  0.00006715127056727  0.00006796472056813
  0.00006879314004096  0.00006964373118319  0.00007051822085184  0.00007140994187522
  0.00007231551767117  0.00007321769488827  0.00007420043389108  0.00007522602357489
  0.00007630759649663  0.00007742234144744  0.00007854495868304  0.00007968194158311
  0.00008083751550543  0.00008199120445581  0.00008321860185905  0.00008455737796601
  0.00008595024849473  0.00008736616392411  0.00008881004399746  0.00009027208490684
  0.00009174963976919  0.00009335518572821  0.00009503370806263  0.00009678395646264
  0.00009857971265368  0.00010039716623673  0.00010223196462249  0.00010411617768829
  0.00010622778436272  0.00010839697525502  0.00011061945644545  0.00011288684811161
  0.00011522554249375  0.00011771767276919  0.00012038988934299  0.00012315145775711
  0.00012592034463571  0.00012872246741620  0.00013182991429826  0.00013514947530753
  0.00013860663465668  0.00014216519662108  0.00014594853128859  0.00014998341026361
  0.00015423927927708  0.00015864735396564  0.00016332375828737  0.00016846968176206
  0.00017393955582717  0.00017966553425454  0.00018582552575793  0.00019252265242916
  0.00019950038955667  0.00020692881952979  0.00021551780632380  0.00022443057398287
  0.00023419673955401  0.00024482227888433  0.00025615935313211  0.00026885566266744
  0.00028293152143160  0.00029879087739958  0.00031634293033435  0.00033593466979120
  0.00035734374943123  0.00038266429130598  0.00041056121640343  0.00044210246738066
  0.00047628521384002  0.00051717025191718  0.00056779782206072  0.00062965449818601
  0.00070152526806284  0.00078523311501997  0.00089310396842979  0.00103823424263964
  0.00121984336351254  0.00148036574741174  0.00191746615278004  0.00258063195718407
  0.00374763264710812  0.00683083134416394  0.07479894603019215  1.00000000000000000
 -0.00228851049103482  0.00921392579079525  0.01921378430315718  0.02951922215646503
  0.03994750081839901  0.05086699568150375  0.06164835361789611  0.07229479692393749
  0.08258178911597594  0.09290806151446977  0.10321402891003371  0.11383423845639379
  0.12447819627345781  0.13519709598139296  0.14582851416014567  0.15646233002890397
  0.16703382799619287  0.17752063063298404  0.18799680110501973  0.19855222069781370
  0.20920821708026549  0.21990249924641606  0.23052384836253725  0.24112080570639358
  0.25170504203590088  0.26207828163802427  0.27218145416507278  0.28229259085613329
  0.29253098583429832  0.30293676604024855  0.31347769662799041  0.32398377811568868
  0.33434470253928356  0.34462543266726753  0.35489955953084218  0.36542180284066911
  0.37595046965644852  0.38650081219839649  0.39697966568334120  0.40744208293791240
  0.41793292655867581  0.42847545430286282  0.43886943568206294  0.44916615861961773
  0.45948212710185932  0.46997651342241276  0.48046195307487177  0.49108912135698329
  0.50178799363076065  0.51269461065476829  0.52365334755822168  0.53466973916900407
  0.54558791105842819  0.55633675018393447  0.56684114717649370  0.57725527179977565
  0.58768431929584575  0.59830621312626475  0.60892852582563095  0.61927212655250596
  0.62940577805949172  0.63963484374384971  0.65023525512462221  0.66088299421284713
  0.67144544237824866  0.68227202198180925  0.69299153458234397  0.70336535009631007
  0.71380908390379361  0.72440513893877501  0.73505870931328166  0.74558489048475096
  0.75625882959086199  0.76697497243678536  0.77748325682393749  0.78778334158543240
  0.79841655913270515  0.80930252959849069  0.81998457219794707  0.83033450916191032
  0.84091119860526375  0.85164647368466950  0.86232112774638725  0.87275907707028111
  0.88308019921296788  0.89377185238748158  0.90441469396403007  0.91491807733227659
  0.92507447356138506  0.93517862280241293  0.94580252695471989  0.95675853049474502
  0.96757322397656609  0.97857231087367147  0.98930642827252491  1.00000000000000000
 -0.00140297681608109  0.01065067265047972  0.02173756267206468  0.03304424794159402
  0.04427709359224244  0.05540896926316652  0.06637897372383607  0.07752607894213240
  0.08835831760661109  0.09944933207908091  0.11039138226096744  0.12135884471096224
  0.13244769930585071  0.14352082816064443  0.15434038350242202  0.16508315046839306
  0.17594014198995228  0.18675826333512766  0.19743330094668779  0.20800300155098519
  0.21862273126818565  0.22917383646487324  0.23973679787630431  0.25035768614934661
  0.26100633948599261  0.27167730471232665  0.28219055456824665  0.29259392641953191
  0.30285054177831172  0.31304495673854510  0.32328750857300365  0.33343893419336257
  0.34365792699666664  0.35377961638903715  0.36409007767083923  0.37454990059887361
  0.38496979560004235  0.39536095882807504  0.40572588059483805  0.41611611177658175
  0.42643522121196276  0.43659687221941229  0.44677193022283263  0.45693990228786879
  0.46707920181091317  0.47716822770970480  0.48701176253678308  0.49666653963131713
  0.50628482775465877  0.51590256764847586  0.52549522531354331  0.53503011145892965
  0.54461227272260071  0.55426398831002277  0.56396289697446034  0.57375201759527994
  0.58358054993802932  0.59331781987996046  0.60305024482488112  0.61290554666629349
  0.62287243093738798  0.63276256362187133  0.64256832504766837  0.65243894116248691
  0.66230971169292641  0.67200192234683354  0.68154425462136381  0.69130704968383028
  0.70121101604064950  0.71101611560833622  0.72057105743670002  0.73013241406871343
  0.73995990097120989  0.74991524059780157  0.75982258246490963  0.76962373239991488
  0.77969088103599105  0.78973744885049668  0.79990302789505430  0.81006234824904266
  0.82048815676159392  0.83100995121498533  0.84122141923406679  0.85145540932222108
  0.86184289620350296  0.87239086683395628  0.88309317408854826  0.89362694216784699
  0.90445136385398395  0.91541876257669774  0.92662785576847784  0.93831643001966725
  0.95045974927700139  0.96408584316867230  0.98053297091803415  1.00000000000000000
 -0.01810901051203014  0.10317353450089460  0.13890985850071538  0.16087975608671842
  0.17844142411878045  0.19349272907118223  0.20695849474432157  0.21918982212201626
  0.23068480817835615  0.24165888167035071  0.25201894777401190  0.26181713849554178
  0.27118833423959343  0.28017515513472097  0.28884450521450922  0.29730695833207083
  0.30546049671918085  0.31336655733726004  0.32080249255020837  0.32805444422639457
  0.33520661423734116  0.34224512319469241  0.34918568665221278  0.35584580725464676
  0.36226222772454880  0.36866898817078919  0.37503814245387734  0.38126306272873411
  0.38736442850302394  0.39346452936572612  0.39955744375339197  0.40562676664519676
  0.41162900217025977  0.41756407243830440  0.42337817073197048  0.42916465315310881
  0.43491185333702354  0.44066330872243692  0.44645378153680382  0.45221190013703655
  0.45796970911340223  0.46377226171003194  0.46958821860600281  0.47536743018520661
  0.48108592417507756  0.48670888075828428  0.49233288654851698  0.49798360366673672
  0.50364989490370959  0.50924757498590489  0.51482648788478158  0.52038604375333386
  0.52589756842555002  0.53147885485819057  0.53712923001391732  0.54278490116272027
  0.54840681651636980  0.55400334697267783  0.55964679328107114  0.56539343740359860
  0.57122648043681690  0.57711406960878098  0.58290213680521930  0.58908082516702864
  0.59523529899163652  0.60142454189922590  0.60767695476491401  0.61401798495702797
  0.62046525941932484  0.62700719448381792  0.63361324042143485  0.64028823786619649
  0.64702201770942114  0.65374906642717656  0.66058426533641157  0.66752147051991906
  0.67462137029392566  0.68190340113909442  0.68933102170478844  0.69695227208874355
  0.70474150057379270  0.71294129783507565  0.72154308637204756  0.73036381043811216
  0.73948109171938747  0.74895878083261225  0.75905128337423533  0.76974889773398758
  0.78102503874162699  0.79328965456133005  0.80683275023642609  0.82177781408494455
  0.83928551572577370  0.86128531924104534  0.89690299943395468  1.00000000000000000
   4.4655763084968578       -1.0000000000000000     
 F F F F F F F F F F F F F F F F F F F F F F F F F F F F F F F F
  <DiscreteSampler_grid>
  grouped_processes
  1 # 1 for a reference and 2 for a running grid.
  10 # Attribute 'min_bin_probing_points' of the grid.
  1 # Attribute 'grid_mode' of the grid. 1=='default',2=='initialization'
  0.0000000000000000 # Attribute 'small_contrib_threshold' of the grid.
  0.5000000000000000 # Attribute 'damping_power' of the grid.
 # binID   n_entries weight   weight_sqr   abs_weight
    10   10   3.036594701406420E+011   4.394686139217978E+023   3.036594701406420E+011
    16   10   3.036594701406420E+011   4.394686139217979E+023   3.036594701406420E+011
  </DiscreteSampler_grid>
