  0.00006002432201884  0.00006028044483736  0.00006058545204861  0.00006120050128738
  0.00006181036587473  0.00006247713842814  0.00006316335554112  0.00006385020329978
  0.00006455053815210  0.00006526371894289  0.00006597143615873  0.00006671548047352
  0.00006749289668771  0.00006827623234216  0.00006907906486375  0.00006989176616963
  0.00007071801091435  0.00007155871007382  0.00007241619558074  0.00007329790644275
  0.00007420266219543  0.00007518228789031  0.00007619591739943  0.00007723125045079
  0.00007828729393023  0.00007936357177298  0.00008046380824348  0.00008157934722253
  0.00008277164826232  0.00008402931077453  0.00008534190351883  0.00008671370392121
  0.00008809093844339  0.00008949310006177  0.00009090391160022  0.00009237077620905
  0.00009391145222658  0.00009552455592245  0.00009721864531459  0.00009895287556995
  0.00010073385839776  0.00010256949522672  0.00010454845968403  0.00010666904383323
  0.00010888261240882  0.00011115388722636  0.00011347209541878  0.00011596223571552
  0.00011865896460424  0.00012151848654569  0.00012448549487780  0.00012751144146178
  0.00013068365045616  0.00013420592669328  0.00013793726467818  0.00014169439405429
  0.00014574174470764  0.00015019515214186  0.00015493781882196  0.00015990377731200
  0.00016521914470169  0.00017109107748640  0.00017729566183942  0.00018377166756997
  0.00019087720405041  0.00019840550697540  0.00020653847972364  0.00021549586535444
  0.00022519487914756  0.00023583333161148  0.00024761693639550  0.00026026211295403
  0.00027406995927786  0.00028900409503605  0.00030571911259790  0.00032477833636046
  0.00034643708561249  0.00037050961306854  0.00039774809879565  0.00042920304463676
  0.00046633716714740  0.00050924875727626  0.00055920557609898  0.00061893014662022
  0.00068998572367163  0.00077546772476823  0.00088457673599629  0.00102143721498175
  0.00121330887193729  0.00147962229736496  0.00182889287169220  0.00239924031861199
  0.00339590255779526  0.00552722866631523  0.50288783938080128  1.00000000000000000
 -0.00281255076003660  0.01112997780908110  0.02315732627509652  0.03485767090039261
  0.04606776440890347  0.05718168355898542  0.06798889153951707  0.07896375378827260
  0.08969081163262956  0.10034525198260774  0.11088669049903097  0.12126221188706075
  0.13142922716640540  0.14167493917696738  0.15202485023746970  0.16234900730832488
  0.17286615326275526  0.18349927695656845  0.19403519500870667  0.20444861841719986
  0.21481892523099985  0.22511716279281940  0.23525969015382694  0.24521902515518029
  0.25553796215976532  0.26606526606199760  0.27679967666508443  0.28773380592700981
  0.29887803683939757  0.31015923187370198  0.32145895045111961  0.33234401361758037
  0.34261356997674580  0.35266685463493092  0.36276106045183598  0.37292041859422248
  0.38284781426020370  0.39257594263429907  0.40261273932915603  0.41302758319797112
  0.42350830282539564  0.43372504317037708  0.44412741543919648  0.45484786878440497
  0.46573071498842011  0.47655619653393128  0.48731733959421836  0.49789717764058550
  0.50842538039192930  0.51910930940181654  0.53000763345381474  0.54097494250874056
  0.55195981791428050  0.56286210160822125  0.57362486591478679  0.58414084694343171
  0.59452320204961850  0.60502259368730504  0.61555293173005787  0.62596972469889123
  0.63617111405264370  0.64616385474221782  0.65614323593012647  0.66627698706674821
  0.67669035857122850  0.68739470446586681  0.69815022556582240  0.70896653645653895
  0.71979765409480212  0.73059287579095211  0.74136735209447679  0.75187675181699987
  0.76201049022315070  0.77208441021046958  0.78237960788839622  0.79264677045106602
  0.80279523553126342  0.81269319796554895  0.82270205685398179  0.83278905326675001
  0.84270156376959515  0.85274967583109051  0.86311561106912238  0.87324874384654116
  0.88362719653585176  0.89420167771984649  0.90522716852859197  0.91677319709483851
  0.92757468068062665  0.93849523378349420  0.94888245954404782  0.95911955665989934
  0.96933009851644680  0.97949889999759743  0.98982336714503494  1.00000000000000000
  0.00302025399027763  0.01950758800656335  0.03702705911200162  0.05501877841273902
  0.07293642488771207  0.09043516601442532  0.10731848102263422  0.12316321904959378
  0.13831767936019965  0.15295535968057900  0.16743955214573425  0.18124101334049367
  0.19486417940662148  0.20830307241090287  0.22159642047094572  0.23492941122706165
  0.24838958547194168  0.26178796929770565  0.27502065105896301  0.28804080413465150
  0.30053739836281745  0.31272108570903900  0.32490257361795133  0.33709714332773866
  0.34904031150327386  0.36063538444369103  0.37190394805166799  0.38299034394320430
  0.39391063810749227  0.40514634006449468  0.41633905540205179  0.42792201232577426
  0.43927891117586965  0.45065383396427994  0.46170914616839748  0.47259062866709894
  0.48305093697871460  0.49340996236042750  0.50368236193990357  0.51395797939040000
  0.52417762340218588  0.53419318758308842  0.54398826847184745  0.55361802784739889
  0.56329660679430194  0.57303427760132608  0.58281959147171591  0.59269568345153956
  0.60261461102743497  0.61247435857204269  0.62215970793619468  0.63168361509737214
  0.64124424939575886  0.65095690250084814  0.66094284097642952  0.67073858363213212
  0.67987760433900024  0.68890055520938187  0.69773907154873516  0.70668118840094041
  0.71525790808203660  0.72394473373607415  0.73271530693440301  0.74153697848061895
  0.75054891313809025  0.75964283796820808  0.76857922120098443  0.77728835263588358
  0.78580486507318981  0.79420930788841415  0.80255314141676948  0.81072846781155417
  0.81879262668185449  0.82681044046941310  0.83476029717855205  0.84274775556686976
  0.85051339191973829  0.85843652250776936  0.86641687677484192  0.87439218741418812
  0.88226157647034742  0.88997906266539339  0.89755853303757094  0.90503737866010214
  0.91247295502602388  0.91977893287475576  0.92695561634112278  0.93415225184424810
  0.94139841835182014  0.94864991225611583  0.95585986824070635  0.96328427392300409
  0.97118564802115170  0.97932961965956355  0.98939780093749929  1.00000000000000000
 -0.00994192393280445  0.05533920606223564  0.07903267820222618  0.09465035359580778
  0.10708345892248325  0.11762395669724247  0.12701636988842843  0.13551582419131142
  0.14358823812328100  0.15095444612515055  0.15797239683236716  0.16486967840052694
  0.17156186050550665  0.17798532457934563  0.18416835313534968  0.19016208363120179
  0.19601371408200474  0.20184567185000277  0.20761977178129054  0.21326222838897213
  0.21881681480797863  0.22430756654280640  0.22979508230213300  0.23531489524899407
  0.24084971030920582  0.24639690221832555  0.25184842034011978  0.25730976362935132
  0.26275640843421039  0.26822242203077545  0.27377539040473864  0.27938879496937935
  0.28498958327734336  0.29065355118033692  0.29617043847138513  0.30164975249183540
  0.30715580493762079  0.31268595656989168  0.31834358766977744  0.32409518699920492
  0.32984664134767216  0.33559148706431235  0.34134331544277097  0.34712350113439328
  0.35298727589462991  0.35894398684202800  0.36492134014486810  0.37085576220782634
  0.37676627530365997  0.38279906770911298  0.38901677740220397  0.39543276639634223
  0.40189353402669908  0.40834457618987458  0.41484367834433888  0.42153063373225713
  0.42842278025726932  0.43539249426328347  0.44235263976996336  0.44931654620250910
  0.45631528468094518  0.46347159798176479  0.47078169050144464  0.47814588386592577
  0.48549585482644769  0.49288768575800518  0.50050916005671142  0.50818449723262737
  0.51604518859211623  0.52370618084508880  0.53149055113439136  0.53954367915688328
  0.54773709612815369  0.55586775063602689  0.56413339938897367  0.57277449244254020
  0.58166408906668954  0.59096767800595618  0.60034002330796821  0.61017454920847336
  0.62029774325920206  0.63096567073699161  0.64224357027333123  0.65422053251992818
  0.66660627447131515  0.67927814587158686  0.69245336559686632  0.70624316271428600
  0.72091143087746057  0.73705615744412312  0.75502337291701493  0.77531980327331340
  0.79965245544934405  0.82909302880621383  0.87352292347424887  1.00000000000000000
   3.5377073277394486       -1.0000000000000000     
 F F F F F F F F F F F F F F F F F F F F F F F F F F F F F F F F
  <DiscreteSampler_grid>
  grouped_processes
  1 # 1 for a reference and 2 for a running grid.
  10 # Attribute 'min_bin_probing_points' of the grid.
  1 # Attribute 'grid_mode' of the grid. 1=='default',2=='initialization'
  0.0000000000000000 # Attribute 'small_contrib_threshold' of the grid.
  0.5000000000000000 # Attribute 'damping_power' of the grid.
 # binID   n_entries weight   weight_sqr   abs_weight
    13   10   1.989896325604126E+010   1.059711889109417E+021   1.989896325604126E+010
    14   10   1.989896325604127E+010   1.059711889109418E+021   1.989896325604127E+010
    16   10   1.989896325604126E+010   1.059711889109418E+021   1.989896325604126E+010
    17   10   1.989896325604126E+010   1.059711889109417E+021   1.989896325604126E+010
  </DiscreteSampler_grid>
