  0.00005944458844985  0.00005967514576624  0.00006010094311345  0.00006052915522927
  0.00006100523965164  0.00006145102640725  0.00006201817729332  0.00006264050014323
  0.00006328159362831  0.00006394396150792  0.00006462210656488  0.00006531258044367
  0.00006599697487672  0.00006670575633271  0.00006744610627594  0.00006820258409756
  0.00006897802071426  0.00006978226502518  0.00007061364780690  0.00007146495568565
  0.00007232500892931  0.00007318332184015  0.00007404470317617  0.00007509878339696
  0.00007617718279221  0.00007726338507144  0.00007836944681876  0.00007950567364626
  0.00008065202290324  0.00008182553106526  0.00008305866992289  0.00008437504413956
  0.00008577281643809  0.00008720521940507  0.00008866092068272  0.00009013106215012
  0.00009165026943714  0.00009323258649970  0.00009490501430563  0.00009672315237312
  0.00009855477060751  0.00010042639635935  0.00010232959557704  0.00010438305054943
  0.00010660710233356  0.00010888847264213  0.00011122367929932  0.00011358207056219
  0.00011607361595433  0.00011874701316362  0.00012159688695124  0.00012457033483705
  0.00012763511920167  0.00013089129664771  0.00013453165867036  0.00013839260577353
  0.00014230915576700  0.00014627298386551  0.00015081528319071  0.00015562825366501
  0.00016071710984546  0.00016618867980499  0.00017203895176839  0.00017813521525923
  0.00018466104325346  0.00019194335102221  0.00019973878503013  0.00020825837200256
  0.00021776115396916  0.00022800009443380  0.00023927525403545  0.00025171713960282
  0.00026539346822073  0.00028063673757177  0.00029754153270145  0.00031615533918359
  0.00033654309754771  0.00035929705686929  0.00038635254054959  0.00041742140598184
  0.00045327591173709  0.00049570382285844  0.00054900522788386  0.00061286625498139
  0.00068983184500216  0.00078408943301266  0.00091469960362550  0.00109396788571637
  0.00130434110814457  0.00159393768380885  0.00201230373796339  0.00270351437018206
  0.00421202318737974  0.00814008785960857  0.13704667022052935  1.00000000000000000
 -0.00290347361084083  0.00997771273832693  0.02120568222826140  0.03216454462809506
  0.04291626540888033  0.05302666936103807  0.06299613469211771  0.07293686039607196
  0.08302182969736568  0.09306355594105369  0.10302071823896673  0.11332545777570951
  0.12368905445289881  0.13411414684533246  0.14450397916547175  0.15497320811898316
  0.16550089327070541  0.17572752501402358  0.18595207209512923  0.19625434021651808
  0.20644607543320664  0.21676180766038675  0.22694371559023607  0.23783137423864048
  0.24834551543756039  0.25856816295757928  0.26873645949885550  0.27950811173252460
  0.29035101803566249  0.30068659431952693  0.31112601037925264  0.32166760041426895
  0.33249408075081938  0.34296435424888372  0.35351588513776877  0.36414748041430595
  0.37500466069268623  0.38607602066175256  0.39714539121284853  0.40797344799881879
  0.41858007334263092  0.42921847670284108  0.43981095845291879  0.45032446416338012
  0.46074283759704454  0.47118553916303652  0.48169635604822458  0.49197418490323097
  0.50202485364988825  0.51197818598745570  0.52191999205216055  0.53204735420534532
  0.54247089770070089  0.55315698409144309  0.56388403707105972  0.57442266952742405
  0.58499845065978440  0.59592218072039194  0.60680964695348671  0.61744650740816509
  0.62795838126713743  0.63851803870725010  0.64908701346273401  0.65949531674487472
  0.67015988005680471  0.68112105081467433  0.69223382549847945  0.70338002370787167
  0.71436002058983683  0.72519548183636962  0.73590347102344777  0.74678075414946399
  0.75802347258995795  0.76924056357101822  0.78008469465356234  0.79057235270196569
  0.80089094997874066  0.81126632574549595  0.82171779979924542  0.83231344034948873
  0.84298510648863489  0.85354221585940537  0.86406512346602882  0.87481812841085660
  0.88601837938279659  0.89702732302143406  0.90739768490888217  0.91752017061756630
  0.92771668201880197  0.93826610555238621  0.94887853396430077  0.95961624681185598
  0.96985163722103762  0.98008229326142104  0.98996897007888529  1.00000000000000000
  0.01485859747937850  0.02784695432603931  0.04572708363082317  0.06193685583426466
  0.07800492019138713  0.09423400539639812  0.11016874641249402  0.12533859356798252
  0.13984807259327789  0.15399468174331729  0.16827085430580829  0.18292854048871707
  0.19745130414070111  0.21168440611525807  0.22530765326822819  0.23857205097596504
  0.25171821803189032  0.26481624552075078  0.27778588214543687  0.29071313764819673
  0.30335584854364894  0.31575552685451030  0.32784631373520606  0.33950749689780296
  0.35077647860149480  0.36214824312881183  0.37394295406981681  0.38581449961642961
  0.39776134670032726  0.40947063465427708  0.42109523273242216  0.43229930353357715
  0.44349720124501779  0.45462054946565500  0.46540144201924794  0.47598925709572304
  0.48657593184488795  0.49718998233226280  0.50754983632202277  0.51776769940806833
  0.52820993677316619  0.53867609111440873  0.54875563802509753  0.55863512586436359
  0.56841024315385136  0.57816283149115533  0.58801903070773076  0.59783272225166384
  0.60787709864154837  0.61782724962804891  0.62756500443011098  0.63704774436767064
  0.64635502618978835  0.65573816417310282  0.66511888978579159  0.67436477191368294
  0.68335970563096105  0.69220560615932480  0.70111140341281131  0.71005427954414757
  0.71886394811349608  0.72758470300900036  0.73615699687963021  0.74467777236435539
  0.75328370250722787  0.76188621495506681  0.77034626076520485  0.77862132446208820
  0.78674296608585026  0.79478894861545624  0.80280786105061552  0.81072949065565414
  0.81865306937457649  0.82657292437861740  0.83450352079356693  0.84236822902107700
  0.85025288666620580  0.85780510974940782  0.86524278934095422  0.87262254390011440
  0.88011423904664410  0.88760657906120122  0.89507052914475971  0.90244402367388221
  0.90981140388352766  0.91728226100958055  0.92485504137476637  0.93243224907647471
  0.93998902000975515  0.94759307951367944  0.95527481719819685  0.96309151732288012
  0.97128352126070105  0.97952398304222121  0.98923642268576339  1.00000000000000000
 -0.00986788247109322  0.05504912293490929  0.07932231038001938  0.09498068648710220
  0.10732094960265309  0.11767725446472736  0.12704411130995499  0.13546864992422547
  0.14338037840686899  0.15081969115472574  0.15795864783039107  0.16487450517666535
  0.17139210252590903  0.17766014444027392  0.18388971241735805  0.19007064352436234
  0.19615849226456589  0.20210548602486897  0.20802381560866770  0.21400810271537435
  0.22003148358242747  0.22607913959550546  0.23210627604438988  0.23800065471304041
  0.24382519221164670  0.24943020772931329  0.25492691175254684  0.26039157092509124
  0.26590454882105524  0.27148655714070585  0.27708742434191497  0.28263908884893141
  0.28811933896784830  0.29355425374084937  0.29897704384294510  0.30455983831862876
  0.31017298247755132  0.31585080917177694  0.32146596242397840  0.32710242556748037
  0.33271566710949918  0.33824136605827826  0.34368904793677846  0.34904729763216835
  0.35442153795183567  0.36008159235783749  0.36583481455065309  0.37171208441958214
  0.37752963654009808  0.38342748075208638  0.38935216339350759  0.39537029200767665
  0.40147651913357901  0.40770321352170391  0.41395538894095507  0.42035303405579333
  0.42682974893486125  0.43332178581347874  0.44003495703808593  0.44708678820601433
  0.45443093447847616  0.46188579970550114  0.46931403010129025  0.47656232573769919
  0.48372794769932492  0.49096402131397943  0.49844699600653292  0.50597593099096105
  0.51356490145067391  0.52127663451019346  0.52924541168287520  0.53720478084384971
  0.54532215839847742  0.55372629225339032  0.56232910453014495  0.57107167076553578
  0.57998334272694485  0.58936523974720556  0.59924037465167967  0.60930848181271391
  0.61968009435540194  0.63092276269066594  0.64292770008546041  0.65486716522542210
  0.66679410553161111  0.67933175208398644  0.69243173585813733  0.70640341038413845
  0.72179603317926699  0.73825358944693431  0.75598025379526657  0.77623935496735275
  0.79996835679792178  0.82835701391473726  0.87236205842277248  1.00000000000000000
   3.5569690758817383       -1.0000000000000000     
 F F F F F F F F F F F F F F F F F F F F F F F F F F F F F F F F
  <DiscreteSampler_grid>
  grouped_processes
  1 # 1 for a reference and 2 for a running grid.
  10 # Attribute 'min_bin_probing_points' of the grid.
  1 # Attribute 'grid_mode' of the grid. 1=='default',2=='initialization'
  0.0000000000000000 # Attribute 'small_contrib_threshold' of the grid.
  0.5000000000000000 # Attribute 'damping_power' of the grid.
 # binID   n_entries weight   weight_sqr   abs_weight
    13   10   3.034368588930192E+011   6.083734678451963E+023   3.034368588930192E+011
    14   10   3.034368588930193E+011   6.083734678451970E+023   3.034368588930193E+011
    16   10   3.034368588930190E+011   6.083734678451963E+023   3.034368588930190E+011
    17   10   3.034368588930190E+011   6.083734678451963E+023   3.034368588930190E+011
  </DiscreteSampler_grid>
