  0.00005972764003781  0.00006042496114374  0.00006109371815979  0.00006175916536461
  0.00006241495380430  0.00006306023707698  0.00006372481033240  0.00006439097478057
  0.00006505011199163  0.00006571767902639  0.00006642035041542  0.00006717851500332
  0.00006798900516364  0.00006881548446278  0.00006965235924152  0.00007049607913985
  0.00007138203315821  0.00007228674580220  0.00007319718314332  0.00007415450891201
  0.00007523918959665  0.00007636955496230  0.00007751373155561  0.00007866144856387
  0.00007981110572404  0.00008097077691757  0.00008215585573772  0.00008335736489065
  0.00008468566238272  0.00008603991444297  0.00008741345770364  0.00008882178223773
  0.00009026940908356  0.00009172633786139  0.00009319054644377  0.00009492659461662
  0.00009667766556503  0.00009844245575891  0.00010025039070509  0.00010211796050774
  0.00010407062887958  0.00010615087280438  0.00010835548938427  0.00011055742306324
  0.00011277530022949  0.00011506781295325  0.00011747609088487  0.00012001486080114
  0.00012272227457032  0.00012545084642581  0.00012826557403581  0.00013117127855368
  0.00013437468016269  0.00013770842482923  0.00014110869278885  0.00014464420559141
  0.00014846923732823  0.00015266382566121  0.00015700121606920  0.00016148963387385
  0.00016638239330434  0.00017176096810169  0.00017738236740284  0.00018308042074585
  0.00018974331954965  0.00019653424351138  0.00020366184609912  0.00021152218817724
  0.00021990971418196  0.00022879075785247  0.00023880056070318  0.00024972735198662
  0.00026171164150373  0.00027535286114590  0.00028978247702674  0.00030612181720845
  0.00032342494055941  0.00034405384735580  0.00036625703345235  0.00039065427386803
  0.00041847568618165  0.00045071953076501  0.00048675188205086  0.00052871145247174
  0.00057947166106930  0.00064298314283543  0.00071930055614031  0.00080894594859410
  0.00091480522192244  0.00105644927212384  0.00126169204756920  0.00156960105528273
  0.00210812124088129  0.00295206253339656  0.12603574915486229  1.00000000000000000
 -0.00209470820362593  0.01018957593769091  0.02060756008759668  0.03095598528696247
  0.04116026340796791  0.05140547849885278  0.06171908422876490  0.07263764222560301
  0.08352438879192789  0.09403945923974547  0.10440561430377447  0.11484328021112504
  0.12501927409602498  0.13520303574509770  0.14524129975139011  0.15572213335326510
  0.16605763437197762  0.17602515659892243  0.18598669909489171  0.19630156330515527
  0.20666363113223365  0.21713946568189704  0.22731519422946470  0.23786238288559072
  0.24853943895247932  0.25904692908585625  0.26974230277482392  0.28064483811859747
  0.29124690719933344  0.30190979733780610  0.31212616757387041  0.32265974698906569
  0.33311375684611455  0.34367358444298945  0.35408469847097257  0.36419057823692164
  0.37411480071161324  0.38409507736983889  0.39399896653860639  0.40409804350980272
  0.41435881735758284  0.42477173647909494  0.43537199140325339  0.44593195187017215
  0.45646701759042163  0.46710397392434161  0.47802007399225799  0.48947374555418111
  0.50112959424462766  0.51260716177068022  0.52369459922898032  0.53460326457140928
  0.54530511174635143  0.55603304401597142  0.56700494796577872  0.57803105182524817
  0.58910751844218900  0.60002809776823030  0.61066446064762181  0.62115484118167386
  0.63198775128373019  0.64289196604098808  0.65347859701581668  0.66365831466421887
  0.67400096741232485  0.68466980716756998  0.69540116392528550  0.70612442925057184
  0.71686824677278593  0.72753359663672612  0.73810544612127216  0.74856891870178754
  0.75931511757185977  0.76993352726944553  0.78040227437519460  0.79072783426684923
  0.80122262075206285  0.81171454190576464  0.82189567675665409  0.83193164234042405
  0.84244259419163381  0.85301780686723228  0.86347166866561598  0.87375976687858192
  0.88464911638772081  0.89552469610968499  0.90634645943801539  0.91688483549499289
  0.92737660228195073  0.93779852343765413  0.94811999110625911  0.95859709173470797
  0.96910308104399068  0.97929129689431216  0.98968823854128585  1.00000000000000000
  0.00559193280794682  0.01407067629407956  0.02385705723086957  0.03447566423711677
  0.04510877773351074  0.05591472862703720  0.06685384116334399  0.07808533388703616
  0.08943580284341145  0.10065232218539330  0.11149972527157048  0.12207854383650131
  0.13268087188274319  0.14348384153504420  0.15453102332742832  0.16571558660389060
  0.17709279308440795  0.18826475481818583  0.19904074961519097  0.20953796050392498
  0.21992009954884090  0.23032736715472060  0.24079041970696102  0.25154877461292502
  0.26254068428493760  0.27339698361997877  0.28411256282541952  0.29481490535324167
  0.30546076480803658  0.31599333333054214  0.32644242389820960  0.33713714245783327
  0.34801443828312556  0.35889952669542841  0.36958784127953048  0.38001678623128737
  0.39011158857837380  0.40025004383117591  0.41044048454707127  0.42057596950025872
  0.43043999768734992  0.44019113640325386  0.44999254849532233  0.45998834568744129
  0.46997007647961847  0.47983252185975944  0.48967201223583440  0.49942423760231841
  0.50910743250203927  0.51879698328146473  0.52856122562845476  0.53847707425991787
  0.54846887814650103  0.55845742306972512  0.56838144060118856  0.57812597068512339
  0.58764626218203198  0.59699790871913772  0.60630898941386691  0.61568640572339295
  0.62514115701127304  0.63474600683724258  0.64438994593984522  0.65407807864385603
  0.66368484277636008  0.67319816796359622  0.68265006575568821  0.69211142938215620
  0.70153762049999213  0.71096143339477635  0.72033484423105087  0.72984630310590926
  0.73963344827593858  0.74961035393752506  0.75986576928355076  0.77027779700765309
  0.78093317028745102  0.79162016279807612  0.80225483307823231  0.81266395612253561
  0.82247115564379658  0.83242915724302591  0.84258288203927534  0.85288113207536131
  0.86300241914216202  0.87305349601903948  0.88346360028818727  0.89423553111149390
  0.90524731786734758  0.91640941374913243  0.92777496406572424  0.93934676875097922
  0.95146089408857271  0.96475255280694827  0.98087359196852653  1.00000000000000000
 -0.01757445111255505  0.10362017798609320  0.13860418922168274  0.16053032158788957
  0.17853223817600641  0.19394123822777520  0.20755045422965673  0.21981388425935131
  0.23114863470828723  0.24175378096116198  0.25166936001971058  0.26108151981297845
  0.27031264635377522  0.27937991260834172  0.28821050957180144  0.29661496960619316
  0.30478067361165206  0.31285698387062311  0.32061067000047816  0.32815244322217474
  0.33545527806972936  0.34248208233869359  0.34943102633661471  0.35620398817317322
  0.36283583973503430  0.36945973735283871  0.37607248408348160  0.38265351802581415
  0.38910455851552073  0.39535491265193939  0.40135984839624994  0.40723265821778126
  0.41330492657510776  0.41934344676599178  0.42537941756233655  0.43131961655276807
  0.43716578359984937  0.44306171830593516  0.44895701210246042  0.45483186541194071
  0.46057415895761367  0.46616072656216073  0.47160584914600706  0.47701047682256603
  0.48249941397200347  0.48805126084559292  0.49371449719333188  0.49951383066381089
  0.50524927119776131  0.51090756739466159  0.51651530420075764  0.52205923843274848
  0.52762612798696673  0.53327400686734705  0.53898792857304700  0.54471382339442853
  0.55034856604116711  0.55591722929953435  0.56146152551745077  0.56693110721548190
  0.57244635794371568  0.57804178901679137  0.58375262352085033  0.58964824026726681
  0.59558803783894676  0.60146410740756207  0.60739041453183684  0.61339654488674089
  0.61945751740744470  0.62561909060506893  0.63190742890899521  0.63825882369574782
  0.64461844647630617  0.65128815710641319  0.65823763643445476  0.66534381126842979
  0.67266808962952096  0.68015358158226447  0.68786103074124050  0.69600190109563587
  0.70448482260506251  0.71301276220060250  0.72161221609284920  0.73046281541067437
  0.73990807412159632  0.74958775410560463  0.75977229508009703  0.77033734654189279
  0.78167342098781745  0.79392683545843579  0.80741623879101221  0.82230949461908565
  0.83976479850761554  0.86165663863702346  0.89690028941014643  1.00000000000000000
   15.225039457194681       -1.0000000000000000     
 F F F F F F F F F F F F F F F F F F F F F F F F F F F F F F F F
  <DiscreteSampler_grid>
  grouped_processes
  1 # 1 for a reference and 2 for a running grid.
  10 # Attribute 'min_bin_probing_points' of the grid.
  1 # Attribute 'grid_mode' of the grid. 1=='default',2=='initialization'
  0.0000000000000000 # Attribute 'small_contrib_threshold' of the grid.
  0.5000000000000000 # Attribute 'damping_power' of the grid.
 # binID   n_entries weight   weight_sqr   abs_weight
    10   10   4.853661582780549E+010   5.009475123601434E+021   4.853661582780549E+010
    16   10   4.853661582780549E+010   5.009475123601436E+021   4.853661582780549E+010
  </DiscreteSampler_grid>
