 -0.00587878078044999  0.05223021579323045  0.07730607227642530  0.09783221067640017
  0.11431927254677725  0.12828992289363200  0.14099362813723232  0.15332899366806260
  0.16512737874973346  0.17598251918127869  0.18599697761492179  0.19540600453877349
  0.20423594416827681  0.21272850085450004  0.22073948042453956  0.22840620571964054
  0.23591037046053367  0.24324937233346716  0.25029112869701170  0.25700608398415226
  0.26349701557973015  0.26983619303612832  0.27597726894866004  0.28196522634678939
  0.28779965919803502  0.29355855639223116  0.29927381918064966  0.30497032901100335
  0.31060367439622383  0.31612700979776737  0.32159581830493150  0.32702181149785847
  0.33238839829858208  0.33767870949785417  0.34283505885703980  0.34789651547873246
  0.35296080349709924  0.35798994181283339  0.36290843823063940  0.36775071823235855
  0.37249967169834491  0.37719859300944480  0.38190382196971950  0.38661128702450659
  0.39132177451087097  0.39608169128924042  0.40067848382141086  0.40519555750510994
  0.40965042956096376  0.41406553513301014  0.41852239406114494  0.42303574658307719
  0.42757790875211210  0.43212659151695781  0.43657294708582051  0.44125102115190712
  0.44600144097358013  0.45082083918338700  0.45564576448537519  0.46045196159005164
  0.46524086106773804  0.47001296609127935  0.47477923922395687  0.47959686543689789
  0.48447208005779446  0.48941145800953506  0.49436468564681268  0.49933430267346790
  0.50447057449193644  0.50984676322116107  0.51533481305789752  0.52086771678778820
  0.52648953534496745  0.53228831064417892  0.53825302006157261  0.54433839051572475
  0.55059899875843776  0.55705624340727189  0.56367052619895908  0.57032247031822880
  0.57713321103167237  0.58544356509333029  0.59427890280407680  0.60330207646628231
  0.61306932682179116  0.62337093092545370  0.63426508458617437  0.64563955281194840
  0.65792206017998944  0.67366748357236006  0.69252144732603937  0.71413526899832724
  0.73898235598846929  0.77683750176761790  0.84071751553771590  1.00000000000000000
 -0.00234407535905881  0.00902770499639111  0.01909792557066322  0.02948474102110653
  0.04043020758766849  0.05102470213143705  0.06145754735686901  0.07075710034376670
  0.07989416373986845  0.08944020639941917  0.09924605640621671  0.10927514848732008
  0.11916719154194173  0.12941015313864696  0.14021298916669028  0.15084730732169008
  0.16111315635471110  0.17130688003612360  0.18130319464379233  0.19157594958581173
  0.20203174759877704  0.21282362734425112  0.22368840835139914  0.23463355114473075
  0.24566151412570814  0.25642828414525415  0.26700351355225455  0.27733555219673856
  0.28766820578057345  0.29802640780603146  0.30822383773495543  0.31842824250746149
  0.32854629105000055  0.33898314181698613  0.34963703999457091  0.35995216006674241
  0.37034289613569205  0.38077764987101104  0.39134303936344689  0.40202954220387072
  0.41253109680561856  0.42351181365956042  0.43451907905958592  0.44574045684184482
  0.45680840223740382  0.46783242573668044  0.47925450697286959  0.49088737710282898
  0.50266413786121911  0.51443144128727081  0.52559113415593306  0.53626151717676485
  0.54709973299748049  0.55777628698663551  0.56841939603486613  0.57858549202531284
  0.58925618677176050  0.60011608073703149  0.61145266706683787  0.62332032891589217
  0.63548951936337217  0.64721375282139904  0.65788584308039078  0.66828414168406225
  0.67836137213759451  0.68860582947007187  0.69892714030120473  0.70946728230582101
  0.72010352221742080  0.73093863929476055  0.74214688776503102  0.75316225580739071
  0.76379416850523241  0.77446832061217175  0.78470980809565494  0.79481330005269102
  0.80477554297931286  0.81506049000078507  0.82564171919393714  0.83613322826744796
  0.84694754900553137  0.85736487803254291  0.86722917086458717  0.87699799571199000
  0.88683586885633703  0.89667328114786460  0.90659754655509606  0.91657133619146802
  0.92728807672226610  0.93764257399251372  0.94819876348839960  0.95867644625801762
  0.96905638312458486  0.97903284249653444  0.98937060137251620  1.00000000000000000
  0.01497027493069472  0.01803439395005762  0.02087723101864586  0.02551760706014837
  0.03117280323021410  0.03693321104178512  0.04253187385706086  0.04802429073905634
  0.05354535825935048  0.05901709280670438  0.06495228842948583  0.07103330239025597
  0.07718075920896428  0.08320620610919155  0.08882867522534614  0.09427477598800858
  0.09972890562631269  0.10518319759903695  0.11069724454847810  0.11634890339307434
  0.12214288638274952  0.12820783875695055  0.13454661480922236  0.14085142941915627
  0.14710738752243144  0.15364083929298836  0.16011648047696408  0.16673870761356019
  0.17346571697984731  0.18027809364134714  0.18705509769445761  0.19363240005250903
  0.20022082446328104  0.20694525582828330  0.21367846859007583  0.22034303402231523
  0.22695382760296920  0.23379397031032012  0.24072529766584214  0.24776228213792323
  0.25489632441828619  0.26203845717077739  0.26920052807990263  0.27650961241011479
  0.28404356596907399  0.29172823581249646  0.29944250817638079  0.30719119568489539
  0.31493252364665292  0.32247074631534595  0.33002580713206875  0.33772388641259249
  0.34581772062212296  0.35401415087875809  0.36254125997632869  0.37109329348988818
  0.38001009251602363  0.38924701120337551  0.39853788575569327  0.40767652372821223
  0.41670003375407105  0.42602708804097877  0.43540723287691779  0.44488321788635810
  0.45433800908076050  0.46391145876875411  0.47382284219869258  0.48391696175037285
  0.49402042071905039  0.50418847515451992  0.51468038633539437  0.52557201354508076
  0.53674691828909105  0.54798746360434514  0.55911559560449331  0.57055092062973967
  0.58221934159247968  0.59433766112047681  0.60682882827158668  0.61995594859582059
  0.63390379889994475  0.64849097579767834  0.66329048456706063  0.67865402658077512
  0.69460378224973018  0.71073947087562561  0.72794362817026714  0.74569893126618747
  0.76473119262305345  0.78489667539179775  0.80674490250574915  0.83001785622283952
  0.85582827090318925  0.88880541026306303  0.93161437148135029  1.00000000000000000
 -0.00901519665552243  0.05171937620374313  0.07401389993400916  0.08895620982195633
  0.10109003574384350  0.11155505797610392  0.12098192783819955  0.12953593309710537
  0.13722927522759165  0.14453110272132536  0.15139704446761601  0.15810422486688341
  0.16469313461173560  0.17103018605474174  0.17713269355444813  0.18319226964838936
  0.18909959508528881  0.19477758259438788  0.20024891807020939  0.20555154335344294
  0.21075866404783009  0.21592049880723801  0.22110931774510578  0.22634827262002161
  0.23165855440949354  0.23711270521556718  0.24237696473003320  0.24758165687865860
  0.25294381516067993  0.25843967802837148  0.26398041385563137  0.26956668981535348
  0.27533376481874738  0.28121296406176000  0.28703557683575343  0.29284765580933542
  0.29865499035210574  0.30449040260598131  0.31044032073165106  0.31645252047878508
  0.32261286363717406  0.32884923581975878  0.33501354481736806  0.34108988366059995
  0.34714410056720740  0.35318915873216450  0.35922850648216087  0.36531059294116952
  0.37145997735972641  0.37782930933185360  0.38430270207993156  0.39089241339180675
  0.39725173676536252  0.40349498190423649  0.40967507407812165  0.41607928469004690
  0.42284923382760792  0.42977933671927893  0.43667467566350587  0.44387604097508399
  0.45114695067117322  0.45872007560436118  0.46673479633076376  0.47487228564664313
  0.48305315999364773  0.49121699241412431  0.49936446051843542  0.50744634734981509
  0.51563543588695204  0.52386661668024159  0.53197562266171128  0.54014881296291861
  0.54834093473137657  0.55662492071716818  0.56515741210098125  0.57424373224090974
  0.58361679940320499  0.59342286961750668  0.60333819392123200  0.61378682668470919
  0.62487785755636049  0.63625249844203580  0.64770456539546106  0.65906856738297270
  0.67087833000313635  0.68331519194423140  0.69662066626288288  0.71083951945350632
  0.72598455829935871  0.74265548341977394  0.76132150271870846  0.78186918711617504
  0.80570191884599851  0.83473912990793853  0.87823438772076479  1.00000000000000000
   8.2156493134359965E-002  -1.0000000000000000     
 F F F F F F F F F F F F F F F F F F F F F F F F F F F F F F F F
  <DiscreteSampler_grid>
  grouped_processes
  1 # 1 for a reference and 2 for a running grid.
  10 # Attribute 'min_bin_probing_points' of the grid.
  1 # Attribute 'grid_mode' of the grid. 1=='default',2=='initialization'
  0.0000000000000000 # Attribute 'small_contrib_threshold' of the grid.
  0.5000000000000000 # Attribute 'damping_power' of the grid.
 # binID   n_entries weight   weight_sqr   abs_weight
    13   10   8.123120093667996E+007   1.188260377779571E+016   8.123120093667996E+007
    14   10   8.123120093667994E+007   1.188260377779571E+016   8.123120093667994E+007
    16   10   8.123120093667996E+007   1.188260377779571E+016   8.123120093667996E+007
    17   10   8.123120093667999E+007   1.188260377779571E+016   8.123120093667999E+007
  </DiscreteSampler_grid>
