  0.00005907615670766  0.00005978668156322  0.00006041713764784  0.00006103806434650
  0.00006167522124547  0.00006235817930733  0.00006308221078224  0.00006379907481700
  0.00006451802828591  0.00006525185276805  0.00006601859417468  0.00006680964715315
  0.00006763488236927  0.00006849734179400  0.00006936877053875  0.00007026108506095
  0.00007116872013023  0.00007209226713390  0.00007303343220742  0.00007401267138726
  0.00007507340746334  0.00007619531503905  0.00007734820076771  0.00007851587886082
  0.00007970035458466  0.00008090653898965  0.00008213345711999  0.00008337234119660
  0.00008477213702336  0.00008619270219080  0.00008762740614733  0.00008908418513009
  0.00009056370796234  0.00009206318790791  0.00009363622980487  0.00009535720653744
  0.00009708547681889  0.00009884450986585  0.00010063788843828  0.00010244658470414
  0.00010433092532703  0.00010644046093805  0.00010857573307770  0.00011078183669265
  0.00011304017515058  0.00011531140070955  0.00011777159588613  0.00012041159722017
  0.00012314353050281  0.00012592961539833  0.00012881804894932  0.00013189681544921
  0.00013517836425500  0.00013861187738673  0.00014210711106374  0.00014574768828655
  0.00014978646930027  0.00015405220884160  0.00015844979360906  0.00016301469799276
  0.00016802915138769  0.00017349532981959  0.00017912226939846  0.00018519126293162
  0.00019181539984791  0.00019880252468360  0.00020627343722192  0.00021452954765427
  0.00022348437091731  0.00023306447313957  0.00024381089754427  0.00025483239257126
  0.00026704466215595  0.00028052039830151  0.00029547088513623  0.00031194896626009
  0.00033050248601630  0.00035142355792969  0.00037573479870332  0.00040196761970441
  0.00043277616642758  0.00046740502956993  0.00050821666079474  0.00055843271325929
  0.00061976490568315  0.00069655299892938  0.00078630177111118  0.00089425573348359
  0.00104544641026987  0.00127554029427131  0.00164365397123783  0.00218594232741716
  0.00322121662216730  0.00542310104165993  0.45532800803678486  1.00000000000000000
 -0.00280003415150586  0.00997972365378580  0.02091105390212587  0.03205337084212667
  0.04300402050328835  0.05380692816077155  0.06458241700719627  0.07528031685719604
  0.08603631290060065  0.09661715502788955  0.10738915165717025  0.11818392063426544
  0.12907348849699865  0.14005429215919177  0.15118726310592601  0.16226946438560902
  0.17307407932379068  0.18350885978815951  0.19381032799407097  0.20408106121111738
  0.21441754853995648  0.22485273146603899  0.23515112109042638  0.24535828017159059
  0.25555899933345189  0.26584961636490417  0.27633282986126323  0.28681550631033703
  0.29726029610325783  0.30761023212112876  0.31789477805016153  0.32817386489814748
  0.33842944912601530  0.34867002494115923  0.35898814473364610  0.36920729310317091
  0.37946923608008964  0.38949611242970883  0.39959615765107620  0.40979874811662698
  0.42011371000280856  0.43052359781799043  0.44083042312862142  0.45092786969917370
  0.46110875054140998  0.47124863203713679  0.48137108268426815  0.49130393408171974
  0.50127038216887188  0.51166274926219468  0.52227903294434186  0.53297225541937687
  0.54350252546833189  0.55391820681175619  0.56411622375271275  0.57435509663536932
  0.58472057523376664  0.59532006564120332  0.60601310755616733  0.61684301134107222
  0.62769625039266508  0.63868278260990696  0.64962785193727546  0.66039805437671828
  0.67091877168603831  0.68121266126870061  0.69139022383893844  0.70152661484828749
  0.71177665315311378  0.72216628591628429  0.73265189706931177  0.74326371594921670
  0.75392085073847181  0.76461985708397673  0.77540825224319576  0.78619450275638747
  0.79681184954082940  0.80720950990974905  0.81759211707480739  0.82813120447217725
  0.83863060485115892  0.84925402231411173  0.86010042237723272  0.87121923951009028
  0.88184263324489032  0.89223476515588340  0.90245101227966695  0.91279269258920948
  0.92310401047938018  0.93378264040423364  0.94508891527042371  0.95636064026635537
  0.96722868567976239  0.97803810080112941  0.98891650325046798  1.00000000000000000
  0.00107229801524805  0.01184805792814568  0.02288506596438194  0.03505428444074481
  0.04656075403888116  0.05768061357874336  0.06865276300015793  0.07987070986215028
  0.09051148175431295  0.10118548302336258  0.11187903933170142  0.12253347330710404
  0.13312989097025599  0.14383523966796577  0.15466353583451736  0.16554279932981500
  0.17638548882026120  0.18727240681482191  0.19800661413763590  0.20862251172406296
  0.21908591715587888  0.22948396534676255  0.23984157754885124  0.25027261440516219
  0.26061654355201730  0.27099843730320960  0.28141574324542284  0.29181743938751897
  0.30216526839495900  0.31246236036452146  0.32277950800780192  0.33300400247392270
  0.34317183546022689  0.35345795204906716  0.36385170903768421  0.37425977936554516
  0.38470712208118379  0.39522490845693392  0.40575955554223103  0.41620962040692761
  0.42636512702660045  0.43632597458799782  0.44636094722203662  0.45652563585935807
  0.46679761380816032  0.47705462092941137  0.48729029542143365  0.49747538403018221
  0.50745005615712269  0.51729753256078892  0.52709244886992090  0.53679026066068936
  0.54651074227994878  0.55623361300789775  0.56607231218533849  0.57603932112103351
  0.58607040650977704  0.59615669205537525  0.60614281149369353  0.61607391014409374
  0.62612152374895524  0.63633046471220134  0.64663127146459398  0.65692921278561200
  0.66716423477130138  0.67724251175232475  0.68712995094337193  0.69681024631269939
  0.70655177518048662  0.71659998504169886  0.72675975002256632  0.73693348630199751
  0.74713393860924704  0.75729507491523174  0.76727499499477259  0.77705185831517176
  0.78670379077449382  0.79680644518005739  0.80702235392344857  0.81733367235672150
  0.82757802217148058  0.83768307568181921  0.84782642310057943  0.85798687730767242
  0.86838296960261296  0.87882621999146715  0.88914320879111641  0.89934336269789605
  0.90959414030194496  0.92010893090038381  0.93084245066268279  0.94188867472982940
  0.95341733912888416  0.96613595049861267  0.98145351900192546  1.00000000000000000
 -0.01751718819295220  0.10284492535794341  0.13715858560695302  0.15914991439579626
  0.17707681706504799  0.19237622989427225  0.20603431106986134  0.21828923492882601
  0.22957832113775317  0.24027972404201631  0.25047413688631659  0.25998526960089008
  0.26917657254092420  0.27804966928691260  0.28671475873910962  0.29496407128968910
  0.30275861700633500  0.31044433876493782  0.31800082068652108  0.32549182243353469
  0.33282457135657534  0.33997860270529773  0.34687868645617892  0.35359871738455395
  0.36025361318377652  0.36687088718118732  0.37345005795663949  0.37994154285730147
  0.38632527576252790  0.39262549649320805  0.39879690780498223  0.40479635855568696
  0.41073752840406202  0.41667457766615318  0.42255024708185851  0.42845070312207223
  0.43431345540745880  0.44007949803358237  0.44576899956296889  0.45144026053201575
  0.45709751354908545  0.46280668072420211  0.46854108198985062  0.47428431323161296
  0.48008164017373811  0.48593872242138769  0.49178994888434580  0.49754508385817131
  0.50322371934398680  0.50876931301259631  0.51438231485456398  0.51996489374144839
  0.52555394496826269  0.53119039457137285  0.53685251132360279  0.54251502733379398
  0.54813146738406460  0.55368170832236874  0.55921131752760045  0.56475518029852856
  0.57040713270492949  0.57617104585006673  0.58207333322050636  0.58825311517850043
  0.59446054371614121  0.60063263691778623  0.60696438089920746  0.61338942481226255
  0.61983826059611580  0.62629528031411486  0.63282269763548427  0.63945574594364729
  0.64622790026696975  0.65319802075119660  0.66035790578609510  0.66764805254226967
  0.67495851264711559  0.68228366807377194  0.68973244738941819  0.69739320016259632
  0.70519672331488970  0.71333740712928950  0.72182859639266550  0.73073218209581925
  0.74007693670995944  0.74982069060002665  0.75997777480165085  0.77065975523253061
  0.78191625588901270  0.79401655048162678  0.80722554970142624  0.82189733319101566
  0.83946216539291807  0.86225262353561438  0.89851736132582349  1.00000000000000000
   4.4595485876803362       -1.0000000000000000     
 F F F F F F F F F F F F F F F F F F F F F F F F F F F F F F F F
  <DiscreteSampler_grid>
  grouped_processes
  1 # 1 for a reference and 2 for a running grid.
  10 # Attribute 'min_bin_probing_points' of the grid.
  1 # Attribute 'grid_mode' of the grid. 1=='default',2=='initialization'
  0.0000000000000000 # Attribute 'small_contrib_threshold' of the grid.
  0.5000000000000000 # Attribute 'damping_power' of the grid.
 # binID   n_entries weight   weight_sqr   abs_weight
    10   10   1.695494574625092E+011   1.030501652384930E+023   1.695494574625092E+011
    16   10   1.695494574625092E+011   1.030501652384930E+023   1.695494574625092E+011
  </DiscreteSampler_grid>
