  0.00005939009778443  0.00006094068870681  0.00006247119696633  0.00006378554708585
  0.00006503001955880  0.00006625143076894  0.00006749376086782  0.00006878793051813
  0.00007009313059566  0.00007140398537818  0.00007270914102335  0.00007405816961876
  0.00007543735211977  0.00007684803636472  0.00007829060967488  0.00007974290058058
  0.00008122426531032  0.00008273053183491  0.00008434584899790  0.00008600707124914
  0.00008768832828589  0.00008938340149125  0.00009109393123925  0.00009285922413754
  0.00009472150490996  0.00009665849129302  0.00009863206753911  0.00010066391468772
  0.00010279775801244  0.00010506290872105  0.00010747335798281  0.00010999993622565
  0.00011251104301432  0.00011507932532435  0.00011780346629441  0.00012073267321306
  0.00012380348720116  0.00012688077987340  0.00012997131950059  0.00013334482343983
  0.00013696085942530  0.00014067712174710  0.00014457447995670  0.00014870680894990
  0.00015302430245103  0.00015746915453991  0.00016209906591360  0.00016706374315177
  0.00017253891018944  0.00017808853068217  0.00018387625467977  0.00019009872360748
  0.00019666341857903  0.00020332159172739  0.00021071994693014  0.00021850402295437
  0.00022653869127550  0.00023523411724836  0.00024465627469183  0.00025467122272276
  0.00026558419206870  0.00027723187408468  0.00028966817531122  0.00030345197033078
  0.00031799073977788  0.00033336597908439  0.00035017705389110  0.00036894996830293
  0.00039035352702615  0.00041262247381823  0.00043719466631989  0.00046434264231511
  0.00049399051548956  0.00052486153472981  0.00055758690234433  0.00059510400814081
  0.00063368109300062  0.00067890149608506  0.00072807761984143  0.00078508081944380
  0.00085076530483146  0.00093480490587775  0.00103651879117284  0.00114333351212537
  0.00126346736259360  0.00139395148329180  0.00156132244176664  0.00183233063880127
  0.00217082160122871  0.00254209614373319  0.00300786485403427  0.00381746617055987
  0.00482177115618483  0.00850888954451303  0.05524625757402452  1.00000000000000000
 -0.00237643441499737  0.00946711516642840  0.01955198510447785  0.03028142253089756
  0.04115211640855614  0.05172731677579123  0.06201801678415792  0.07218939693714266
  0.08238083173050571  0.09244133437258358  0.10284342456122694  0.11379293215609552
  0.12502702437947774  0.13585440896950879  0.14614384510524719  0.15618386999896985
  0.16620767483559459  0.17597862369164191  0.18560433882197466  0.19548241903002164
  0.20570025994843977  0.21594615879677023  0.22638121887213522  0.23661301922056716
  0.24707767305450856  0.25734133449562602  0.26772954440060853  0.27825502860878981
  0.28867684514513497  0.29876506414143195  0.30887800922646241  0.31921891445452960
  0.33045611986296397  0.34154841967285438  0.35277438115655335  0.36395122704652622
  0.37458870676090045  0.38457562774624859  0.39474182976725436  0.40506502388510007
  0.41543136632725219  0.42559275940421271  0.43590812271092927  0.44637132877280450
  0.45688547986282174  0.46731485923616134  0.47775671931411129  0.48822294773592723
  0.49912970906232734  0.51026887398515997  0.52158403564140177  0.53252166657705524
  0.54335126224601404  0.55394280763208847  0.56453303891267914  0.57483912580252061
  0.58507265374273787  0.59532215796443522  0.60572182721237833  0.61616740617947696
  0.62665697095950157  0.63704413686654715  0.64757187937167726  0.65796906319848314
  0.66848232966043697  0.67938211936591475  0.69041447393805344  0.70199423510736125
  0.71359382153921413  0.72577103801362519  0.73718472297874749  0.74849397914840088
  0.75934553473779487  0.77022022975446613  0.78069881552955900  0.79083402889747156
  0.80093622300925238  0.81114211627655597  0.82139809973849809  0.83152754793398731
  0.84199605325278148  0.85238083606830450  0.86296064402721551  0.87335878006045853
  0.88377068223393085  0.89420517246988174  0.90445765147692891  0.91467891015432801
  0.92525273214232517  0.93580175466350801  0.94660716273993095  0.95698372511034535
  0.96789198162163248  0.97870576261323328  0.98945627390160584  1.00000000000000000
  0.01250182308697976  0.01887156806269124  0.02898829518109520  0.04101672888524317
  0.05244178399480567  0.06396683899755207  0.07587026238141620  0.08791930822455420
  0.09995260203568633  0.11202084250976907  0.12412991944658250  0.13619276123621193
  0.14791283585218676  0.15948929772476592  0.17125260266624964  0.18297494774697498
  0.19410641167553050  0.20480198663747826  0.21573177544734209  0.22701257870998684
  0.23820182278306737  0.24905130289112784  0.25985437640115189  0.27020408127683332
  0.28074011334157362  0.29103011251063998  0.30118163970454348  0.31162895095815657
  0.32199571771782209  0.33260691966996125  0.34258417478094272  0.35226566537737525
  0.36224715148193093  0.37201184238834417  0.38210608462343409  0.39235502362379743
  0.40270476869976518  0.41306539582779089  0.42331977298445672  0.43345217119984963
  0.44337833087656636  0.45314744124842954  0.46297759602438854  0.47276703709390988
  0.48228857981233980  0.49156603578236957  0.50108277155720593  0.51098647231267147
  0.52096599306966540  0.53087465748357843  0.54061183348996600  0.55028711004809461
  0.55992901130179140  0.56959812198329363  0.57919406606424984  0.58843608494512734
  0.59742358354726366  0.60642013983404008  0.61558126759076925  0.62457770277644276
  0.63349928009342604  0.64224023275906295  0.65121271088883093  0.66008871362931687
  0.66879404591512903  0.67753511228023000  0.68632468352331000  0.69570659775431498
  0.70527700059430487  0.71480375278286057  0.72417911917864597  0.73320529849561444
  0.74225398769293094  0.75135812383683176  0.76035721585626026  0.76925342105295891
  0.77823975123031652  0.78746997366231453  0.79697302810587123  0.80655048504981208
  0.81606073612642616  0.82563419869743337  0.83546813762585925  0.84554900144755529
  0.85556590161671708  0.86533688914669415  0.87499937509774184  0.88480793255638424
  0.89495770061400892  0.90561577431762563  0.91679721340449261  0.92862253694102248
  0.94138230050272742  0.95590662215626809  0.97450717622286265  1.00000000000000000
 -0.01958493262665538  0.12464193236940432  0.17041423394321542  0.19974468660446118
  0.22423866173504312  0.24567177861786388  0.26444011130558615  0.28152183204934372
  0.29738560022008248  0.31216075211750838  0.32596057887764723  0.33890378265269744
  0.35123019810621187  0.36290713263136304  0.37394491091469451  0.38458658792012940
  0.39494184448016312  0.40522991984322521  0.41527331557256569  0.42486914404527976
  0.43406666089181173  0.44303562010067871  0.45180471402909400  0.46049303130575570
  0.46893387663008940  0.47735001172762176  0.48543053778371548  0.49319051254180540
  0.50069950831320098  0.50813045173444127  0.51555947542331571  0.52286627623623516
  0.52994414648804222  0.53694472906983015  0.54386904827157889  0.55079820292792625
  0.55766793820787541  0.56443558497330182  0.57105091232900840  0.57760397958573184
  0.58405230376759099  0.59048006543652432  0.59691046533017766  0.60329354939660229
  0.60956205495996307  0.61570020500972444  0.62178107664933469  0.62780942158825837
  0.63373495921208878  0.63963130532423429  0.64536153350668846  0.65104615211580386
  0.65667214556164566  0.66228446759054016  0.66786681780586088  0.67342597381428126
  0.67900811385880877  0.68463109274651890  0.69023242415705810  0.69573098653607768
  0.70114122846108884  0.70651488425332298  0.71207804308651323  0.71767324656637732
  0.72327825970345860  0.72870871561750072  0.73402563315325908  0.73928827190383206
  0.74457798274014231  0.74996760677814700  0.75543623111288227  0.76097985306308791
  0.76634146708610995  0.77175392695458067  0.77720876840074027  0.78281930670451227
  0.78857293399943995  0.79444535321826171  0.80036833032095611  0.80624150706853348
  0.81209280644050152  0.81805855196414945  0.82417653583647976  0.83048322523630780
  0.83702287335202286  0.84373183870185531  0.85059797594548658  0.85784204555628163
  0.86572232843923325  0.87408480513787823  0.88360531871950909  0.89416315000729130
  0.90668926152517049  0.92284661731364648  0.94726285157827927  1.00000000000000000
   1.7552097481052662E-002  -1.0000000000000000     
 F F F F F F F F F F F F F F F F F F F F F F F F F F F F F F F F
  <DiscreteSampler_grid>
  grouped_processes
  1 # 1 for a reference and 2 for a running grid.
  10 # Attribute 'min_bin_probing_points' of the grid.
  1 # Attribute 'grid_mode' of the grid. 1=='default',2=='initialization'
  0.0000000000000000 # Attribute 'small_contrib_threshold' of the grid.
  0.5000000000000000 # Attribute 'damping_power' of the grid.
 # binID   n_entries weight   weight_sqr   abs_weight
    10   10   1.265830845597006E+009   5.931817768778614E+018   1.265830845597006E+009
    11   10   1.265830845597006E+009   5.931817768778614E+018   1.265830845597006E+009
  </DiscreteSampler_grid>
