 -0.00647005153293348  0.07275257106163975  0.11091581381849555  0.13919245485810988
  0.16113882149542319  0.17959446356104716  0.19579779763070926  0.21012190166865835
  0.22296916139906522  0.23405566630200803  0.24456913065346403  0.25468203046519527
  0.26427868347968636  0.27356380640664951  0.28252415837810702  0.29108183311414276
  0.29928201423431894  0.30710367319907200  0.31456002603992289  0.32170414125770641
  0.32867154395387838  0.33548129266724236  0.34210722392791987  0.34864950772500691
  0.35508949661800976  0.36141696694212999  0.36756697989751730  0.37352596855182241
  0.37933157965343967  0.38501619375087448  0.39057942892935238  0.39611832380588058
  0.40156793059570439  0.40693564682499533  0.41218669429854099  0.41744502212788803
  0.42259798274771693  0.42776558948922327  0.43294400343888867  0.43804264454636688
  0.44308538596567060  0.44809540559632838  0.45302272284477063  0.45789998236864415
  0.46277626068882438  0.46752422808128896  0.47223644581543922  0.47694685718370883
  0.48168409816828117  0.48644603991209684  0.49122775419381015  0.49598172646963701
  0.50065732644116046  0.50541810691171896  0.51020362166273037  0.51506469614491734
  0.52004882039417477  0.52507252132416837  0.53011908535698193  0.53518330581187357
  0.54024495836526587  0.54529763572547818  0.55036610800913999  0.55551154416173443
  0.56062720838469271  0.56582366325950306  0.57112223071243950  0.57650049280265681
  0.58219044129270781  0.58833866275498792  0.59449888735654155  0.60065157308536610
  0.60686200645237209  0.61312235182147468  0.61946889942467309  0.62590301364257472
  0.63252969670135661  0.63935462663930231  0.64628219289775946  0.65334787014599316
  0.66057843292788432  0.66939507855891311  0.67865178708116136  0.68833446814911692
  0.69839197345447801  0.70875292675775170  0.71969936047953476  0.73131141705018676
  0.74335225189033627  0.75671964242125567  0.77368891661522143  0.79419583578114317
  0.81798772100138917  0.84759225034341135  0.89404078207520499  1.00000000000000000
 -0.00217187244566607  0.00926938350236714  0.01936553164987077  0.02952368364830427
  0.03981853400972011  0.05037941202259810  0.06120110269010103  0.07150557844182447
  0.08182275272809761  0.09249394651620306  0.10339149554519159  0.11408711177329280
  0.12478816750511203  0.13587396649485040  0.14712939687861390  0.15814529601213775
  0.16894315877788305  0.17898876517436157  0.18928509276869299  0.19943386920101075
  0.20947641006696285  0.21946123459965333  0.22944762894774459  0.23991394853754730
  0.25010255803906051  0.26017705159143811  0.27022983064387124  0.28062722891655367
  0.29081304813779069  0.30165576817696160  0.31255375923434264  0.32376755766037113
  0.33491233638626861  0.34586679694798067  0.35642543720301789  0.36658331397247818
  0.37666793835084250  0.38739120269551991  0.39830179351519568  0.40971255498687248
  0.42074327363128500  0.43168630910743211  0.44215213242449647  0.45251451819075195
  0.46252116453399661  0.47216502228363227  0.48197747288152903  0.49186671380370356
  0.50190740527475208  0.51246989619766647  0.52302380071042476  0.53353987748348930
  0.54403845471022660  0.55415292016961815  0.56468277201099737  0.57475107130637426
  0.58510917090091219  0.59537794491306784  0.60549118264180590  0.61599879913590372
  0.62690748474880909  0.63827986232027978  0.64964961739757832  0.66115641628611432
  0.67248170610467350  0.68334508591402388  0.69447231385924535  0.70603940443952762
  0.71682999195954034  0.72762821469607053  0.73822728229809920  0.74887340708736894
  0.75852339465167595  0.76782128627875801  0.77765832412090374  0.78788036841095743
  0.79895756170508547  0.81015992145243398  0.82064042470091858  0.83103201296654217
  0.84156203225993920  0.85206978431720903  0.86167382149551786  0.87103583660409056
  0.88107250866573861  0.89171314984599781  0.90261314038702722  0.91370971908518539
  0.92511681481339136  0.93721921383094620  0.94804269871603586  0.95910783926606258
  0.96903326608523954  0.97936773744653494  0.98962708023749224  1.00000000000000000
 -0.00059833300667031  0.00547345736435585  0.01052460838249096  0.01554378677204060
  0.02054940851338370  0.02550196333326259  0.03049369815041179  0.03553569581526805
  0.04057943703371649  0.04562792412034032  0.05072707203143437  0.05588291536124568
  0.06101478943383510  0.06607177346661000  0.07113348716311468  0.07624036075726849
  0.08145359786412094  0.08671878693219341  0.09204815040806393  0.09742661774350514
  0.10297142887080203  0.10864362161597572  0.11419405892249228  0.11977648967495458
  0.12534366223676277  0.13094966916512321  0.13653971789723307  0.14216851316683904
  0.14797641021361888  0.15413528390787812  0.16040749467699886  0.16678450380374374
  0.17329202286721074  0.17985263652950767  0.18654869825381656  0.19342637519801192
  0.20036464255606548  0.20723312535492242  0.21393417178152713  0.22054013022813701
  0.22746538488927315  0.23442228630840017  0.24149699452436094  0.24849872004853812
  0.25550760208321827  0.26235778372995239  0.26909560504782459  0.27603628957257498
  0.28331229432980831  0.29081798769163164  0.29864321788836551  0.30643443644531787
  0.31438876929557830  0.32279890316563770  0.33127060594902802  0.34009004005970439
  0.34873368571124191  0.35751294888253371  0.36648695884176963  0.37566237353344883
  0.38502636061606232  0.39456416314091369  0.40425704308943133  0.41392243372555176
  0.42345776487280679  0.43306641547439850  0.44313629285800099  0.45331350567103196
  0.46333335985637553  0.47319692553443093  0.48366667288005072  0.49486419005783044
  0.50634405156111451  0.51803216152879894  0.52980118441500834  0.54177953109068666
  0.55415335132524512  0.56677065855414566  0.57945150975291559  0.59258260354536851
  0.60626676281960268  0.62031707154010052  0.63484783605830430  0.64995759526450103
  0.66580251679222202  0.68273228864408730  0.69988873760631309  0.71743764141306177
  0.73623388901120645  0.75690631119957530  0.77963447927792529  0.80524547643999334
  0.83372586347863120  0.86714123919729924  0.91334085890034178  1.00000000000000000
 -0.01695675212353813  0.10158405582308279  0.13764125280050454  0.15903311793918243
  0.17627351010840905  0.19123447106891681  0.20525167174463349  0.21776020293911663
  0.22917734370429402  0.23989586709400806  0.25009857518404410  0.25940205003262506
  0.26822244138539686  0.27648767535723467  0.28434053297576956  0.29212982247369873
  0.29983404958519316  0.30744385272894537  0.31503447345305824  0.32267787927375385
  0.33001853345855858  0.33736915532488854  0.34479482723123617  0.35199166346554311
  0.35885653238055770  0.36553706505858430  0.37219045983659610  0.37874031875745096
  0.38507586167102648  0.39125690933466528  0.39731949757806756  0.40330062637177350
  0.40917911592140715  0.41503875067647289  0.42106314560728869  0.42727228746123597
  0.43345901147052324  0.43972189237716919  0.44594759564895059  0.45220973611151288
  0.45832823549296869  0.46427435719376803  0.47014529024540525  0.47595788007370543
  0.48167251191815491  0.48730370086089891  0.49298328972723610  0.49867692079796505
  0.50420521829586251  0.50969821465182730  0.51518754289315583  0.52062749477205927
  0.52610344817890242  0.53156455346289277  0.53703216781199603  0.54258723623591221
  0.54838806063174428  0.55432313405974487  0.56030063518732620  0.56646474650116385
  0.57274045580193067  0.57908218778697829  0.58544689858247745  0.59208649155359439
  0.59876824290591046  0.60541394198777421  0.61196314321701517  0.61844705756892870
  0.62493357233608526  0.63144712277781223  0.63802786815232748  0.64473006206573702
  0.65156922342744239  0.65862990754347361  0.66577437930155248  0.67326051330355363
  0.68083916200124850  0.68840180157530628  0.69600945162228522  0.70375282978310760
  0.71180978384824201  0.72015528968525466  0.72854814296873260  0.73713082972217314
  0.74592329921354505  0.75538179416627094  0.76561545682344667  0.77641162698192001
  0.78771174977461367  0.79945593426159611  0.81213490153594681  0.82656961574925769
  0.84382215231045887  0.86541267447017689  0.90080848207224917  1.00000000000000000
   4.3486203067183990E-003  -1.0000000000000000     
 F F F F F F F F F F F F F F F F F F F F F F F F F F F F F F F F
  <DiscreteSampler_grid>
  grouped_processes
  1 # 1 for a reference and 2 for a running grid.
  10 # Attribute 'min_bin_probing_points' of the grid.
  1 # Attribute 'grid_mode' of the grid. 1=='default',2=='initialization'
  0.0000000000000000 # Attribute 'small_contrib_threshold' of the grid.
  0.5000000000000000 # Attribute 'damping_power' of the grid.
 # binID   n_entries weight   weight_sqr   abs_weight
    10   10   5.761408925625940E+005   1.173855985371423E+012   5.761408925625940E+005
  </DiscreteSampler_grid>
