  0.00005921084203805  0.00006049052802721  0.00006116497654600  0.00006184663521852
  0.00006257105999331  0.00006332613254615  0.00006407960169021  0.00006483383116562
  0.00006557904944101  0.00006635845315713  0.00006718696199402  0.00006803502588504
  0.00006889365624950  0.00006977485293432  0.00007067493523232  0.00007159148479589
  0.00007252182007009  0.00007345842746619  0.00007444075506286  0.00007553509281074
  0.00007666390399909  0.00007779602000761  0.00007894111089587  0.00008011776381610
  0.00008130936040145  0.00008253161264810  0.00008380856788593  0.00008513577910095
  0.00008649935224851  0.00008788866336090  0.00008930833379523  0.00009074973979547
  0.00009225565217285  0.00009382624873787  0.00009547332364923  0.00009720728363662
  0.00009896118023081  0.00010076208497589  0.00010257935328146  0.00010452794390093
  0.00010657322673900  0.00010866977650481  0.00011081848419497  0.00011300301597968
  0.00011519015288572  0.00011760373003047  0.00012017130491125  0.00012282645531959
  0.00012554101912969  0.00012835639278785  0.00013135242730194  0.00013455482736646
  0.00013797449445929  0.00014146107953008  0.00014512809298563  0.00014909528418160
  0.00015333348146701  0.00015772154762446  0.00016229055926558  0.00016725368499193
  0.00017260175082311  0.00017813689113101  0.00018402091369363  0.00019038910064206
  0.00019714244012775  0.00020407021933096  0.00021190081469611  0.00022031828375628
  0.00022932049714741  0.00023958843029768  0.00025060158939459  0.00026254767145561
  0.00027563675465021  0.00028975332933279  0.00030541374245559  0.00032297315978810
  0.00034287118164578  0.00036542570358520  0.00039099147102597  0.00041978426142428
  0.00045248860747017  0.00049032929576405  0.00053563850382280  0.00058838525003225
  0.00064885354377714  0.00072289442332255  0.00081725857731921  0.00094294383298383
  0.00110576636034218  0.00135076069476786  0.00167898730232954  0.00223757083043113
  0.00321846861692515  0.00529121263764466  0.07568758912281241  1.00000000000000000
 -0.00238666832166537  0.00943103265399747  0.01923855627794763  0.02957094814600069
  0.03988679257035111  0.05039623172200242  0.06061834682772209  0.07107831008122747
  0.08145658637109979  0.09157976847336216  0.10171973239891292  0.11170286757036636
  0.12162109182221618  0.13156711887056488  0.14141051468578258  0.15140881028014949
  0.16175563172569035  0.17205523605194775  0.18240280246162155  0.19263632076374931
  0.20307518731574276  0.21365880105601262  0.22432111579757538  0.23505978246964418
  0.24595119954833514  0.25703326303556123  0.26843365395483609  0.27982965251429698
  0.29137567420271410  0.30258589632108407  0.31370318297542304  0.32449297314446501
  0.33533581052707290  0.34605461687100747  0.35695835864586417  0.36760658064051577
  0.37841342022114238  0.38918418569552971  0.40000054220142373  0.41078537863294962
  0.42160861972294378  0.43254574002665142  0.44326605817289072  0.45375855128945053
  0.46395424314568606  0.47395099935529961  0.48420452911663581  0.49464449238726493
  0.50520251240613578  0.51567028348578792  0.52623183188297618  0.53712448454075579
  0.54807383175740232  0.55903485231982641  0.56985915164673229  0.58055485105695404
  0.59108350444756386  0.60170703871591935  0.61231532438141634  0.62322860404925262
  0.63347991331029696  0.64386843553107798  0.65411512972811903  0.66435999238006083
  0.67477297284286142  0.68508760644660782  0.69575581843398326  0.70664972908269119
  0.71727575231973562  0.72806948013847084  0.73881495725381019  0.74966274352596451
  0.76019136937208487  0.77044697747754087  0.78090189714393465  0.79117402204836307
  0.80159258276416789  0.81203976057127225  0.82261913878731374  0.83322319781011089
  0.84338471070067367  0.85380850751775395  0.86395678246999863  0.87391415982253684
  0.88369454097470501  0.89366568877156027  0.90408536301602871  0.91489271073132172
  0.92588287260656710  0.93710442695268148  0.94770067712225814  0.95845187525489306
  0.96896809250610372  0.97964996030796614  0.98988885379888458  1.00000000000000000
 -0.00131659441117929  0.01096895731358753  0.02237342539601844  0.03380354923593258
  0.04545067778100313  0.05649198073822020  0.06756619366652093  0.07835061416988975
  0.08909702928628346  0.09979227292918175  0.11093782769928932  0.12219699481921709
  0.13308923740945877  0.14375775074129479  0.15455714466496828  0.16553555480822066
  0.17658434831147743  0.18749735485127314  0.19843071583075150  0.20924105979300422
  0.21992358740107237  0.23047827115259714  0.24104209819533270  0.25160570996460191
  0.26197915954279111  0.27230733773883026  0.28273550394668362  0.29349630058803067
  0.30433860408662372  0.31493036001285107  0.32518027014977730  0.33530757436306152
  0.34550665444469886  0.35578367079754636  0.36593208581757286  0.37593565790643446
  0.38595285714159383  0.39600891320609966  0.40611166313159325  0.41625605824561906
  0.42655422975100515  0.43698843950450689  0.44736057333686152  0.45764983539536214
  0.46780659523830204  0.47795382432940503  0.48802973600099447  0.49797736357582822
  0.50780947871045101  0.51762157877919734  0.52758055301483631  0.53762859938156560
  0.54764032510095939  0.55770305334336689  0.56801479129562060  0.57836351169221079
  0.58842844578724318  0.59814724297317068  0.60790575848156270  0.61794339348786853
  0.62802970978333561  0.63807899242653465  0.64803075035482582  0.65798856116599114
  0.66794198208814737  0.67788207279454549  0.68780114749316690  0.69778403585275417
  0.70769678451034035  0.71769131481149318  0.72758273700586962  0.73736330257958427
  0.74713617775346708  0.75701679412520162  0.76697274639329294  0.77685079628632070
  0.78654037909683971  0.79622172971837568  0.80587280034984887  0.81576564182477262
  0.82554546611425517  0.83555474988026890  0.84540670398367623  0.85535606163896127
  0.86516580324952730  0.87506850893610377  0.88504992186309051  0.89520011269425748
  0.90565662396050373  0.91639952581077977  0.92736384362213375  0.93865784538830410
  0.95049245377138092  0.96371032105987997  0.97998162061623884  1.00000000000000000
 -0.01801105412058861  0.10319514189882779  0.13918550503390154  0.16118870414511949
  0.17886895649466511  0.19396559735607094  0.20743758262987516  0.21967211686372182
  0.23094213689118140  0.24157107707035708  0.25155332397651009  0.26100182342865036
  0.27001402311996636  0.27865163407327048  0.28700337579013729  0.29507357482812646
  0.30297698178926297  0.31077288336507486  0.31841396400209082  0.32594232104115411
  0.33328092083469119  0.34043215473513633  0.34747323285048393  0.35437221156234477
  0.36111566926763450  0.36775906106582162  0.37429534434902911  0.38070365380036375
  0.38701501533488553  0.39325504511739551  0.39944468739455802  0.40558537150453305
  0.41183691090376767  0.41805709315109968  0.42412844373744324  0.43006929980928865
  0.43593073975799090  0.44175333795767380  0.44754152226566701  0.45332199740291912
  0.45912551504604571  0.46492795527644470  0.47071026586239773  0.47647288550949884
  0.48213368518458760  0.48776630942348242  0.49345186138531083  0.49912799381207940
  0.50489733887107935  0.51061340312752224  0.51629029223560408  0.52197746740483841
  0.52767784960693465  0.53340553207327968  0.53916347569230860  0.54493425374044702
  0.55074310265724813  0.55660952452550305  0.56252462748057830  0.56845244262086059
  0.57430916025670009  0.58010378135524698  0.58588496144557645  0.59182318484894569
  0.59785297110218250  0.60401948489062807  0.61025741874598505  0.61656379261682548
  0.62297428549518252  0.62950159348580426  0.63612085090039028  0.64277093822858189
  0.64949126477441566  0.65630398447876526  0.66307916485574281  0.66999791364420758
  0.67716315529234272  0.68452785272090533  0.69198274577703611  0.69955431738594742
  0.70735721383489325  0.71554317259503697  0.72398421022488313  0.73264556813470205
  0.74152175366828055  0.75071601471636895  0.76057740531496842  0.77118533248243748
  0.78256762430443549  0.79475387121909813  0.80792494675964155  0.82249207429934068
  0.83961658033489017  0.86111123902131637  0.89646327550789506  1.00000000000000000
   4.5015357801105216       -1.0000000000000000     
 F F F F F F F F F F F F F F F F F F F F F F F F F F F F F F F F
  <DiscreteSampler_grid>
  grouped_processes
  1 # 1 for a reference and 2 for a running grid.
  10 # Attribute 'min_bin_probing_points' of the grid.
  1 # Attribute 'grid_mode' of the grid. 1=='default',2=='initialization'
  0.0000000000000000 # Attribute 'small_contrib_threshold' of the grid.
  0.5000000000000000 # Attribute 'damping_power' of the grid.
 # binID   n_entries weight   weight_sqr   abs_weight
    10   10   5.915248005620599E+010   2.077310617978305E+022   5.915248005620599E+010
    16   10   5.915248005620603E+010   2.077310617978308E+022   5.915248005620603E+010
  </DiscreteSampler_grid>
